""	peer1	peer2	peer3	peer4	peer5	peer6	peer7	peer8	peer9	peer10	peer11	peer12	peer13	peer14	peer15	peer16	peer17	peer18	peer19	peer20
X6508be64.9bff.49a0.8eac.50b4fbd841ef	1	-0.0172094106674194	0.0387341678142548	-0.00186680490151048	-0.00139300944283605	-0.00445942115038633	0.0033130943775177	0.138432994484901	-0.0288237947970629	0.0733261629939079	-0.639823138713837	-0.400529891252518	-0.248333364725113	0.960706532001495	1.87373304367065	-0.789986312389374	0.285618662834168	0.42704051733017	0.499012917280197	-1.66335046291351
f5aace19.014c.4905.94dd.71b19e4afc5d	1	-0.0173917282372713	-0.0153632741421461	-0.00363017851486802	-0.00079791370080784	0.000980035634711385	-0.00263608247041702	1.45925462245941	-0.467453747987747	-1.20717978477478	0.849978089332581	0.129858583211899	-0.344324916601181	0.0242148190736771	1.2556072473526	-0.0214341338723898	-1.01789772510529	0.154647767543793	1.08421277999878	-0.182376399636269
X70ef1070.accd.4103.849f.a97a58ed13d1	1	-0.0126505559310317	0.0192734412848949	-0.00520834233611822	-0.00285523012280464	-0.00282090553082526	-0.00551777612417936	0.43293309211731	-2.54617118835449	-1.56200206279755	1.31355428695679	-1.63143122196198	0.0492312908172607	-0.0719040483236313	3.79414296150208	-2.70071315765381	-0.765832781791687	-1.36367654800415	-1.09817707538605	0.731699943542481
f76deed6.4e6c.42fb.a619.5c25e85515b4	1	-0.017578911036253	0.0185281541198492	0.000342495302902535	0.00303185917437077	-0.00227019540034235	0.0184344537556171	-1.63592767715454	4.10309362411499	-1.34312963485718	1.80944550037384	4.95141506195068	-1.96318936347961	-0.139497235417366	2.45735692977905	-0.403542786836624	1.47002625465393	-4.18975019454956	2.40919423103333	0.425342231988907
X7d467678.577d.4a5e.8410.57754758b549	1	-0.0117226522415876	0.048491545021534	-0.00130528386216611	0.00381707726046443	9.29013403947465e-05	-0.00231247767806053	0.385599136352539	0.594431459903717	-0.583702743053436	0.645189046859741	0.343662232160568	0.116999737918377	-0.191051542758942	0.0279145892709494	0.420513212680817	-0.840368628501892	-0.376270294189453	-1.18584322929382	-0.479755848646164
X8b2d8719.6f91.430e.8ce5.e11fe3d8bf62	1	-0.0137935252860188	-0.0471899621188641	0.000995454960502684	-0.00149551825597882	-0.00161782384384424	-0.00405539246276021	0.224565044045448	0.366455942392349	0.266388386487961	-1.22319889068604	0.0713175088167191	-0.650121331214905	0.0484709441661835	1.50580632686615	0.928042411804199	-0.281804144382477	0.688599944114685	1.24333834648132	-1.5519335269928
X1098d14d.b2e2.4785.9193.b3ae36989fec	1	-0.0117556285113096	0.0315125249326229	0.000815183913800865	0.000474102067528293	-0.00243485299870372	0.00347637594677508	-0.271175146102905	-0.26836171746254	0.106476135551929	-0.380852967500687	-0.241921812295914	0.564229488372803	0.752092123031616	1.30186748504639	0.280252665281296	-0.051373403519392	0.0172398779541254	-0.437953948974609	-0.347089976072311
X04a98b40.89dc.4b75.9294.722bef4d5adb	1	-0.0171338301151991	0.0421852692961693	-0.000803265604190528	-0.00536810513585806	-0.00563109898939729	0.00613864278420806	0.162838578224182	0.261693954467773	-0.722363770008087	1.05648124217987	-1.15088963508606	-0.607704520225525	-0.391597867012024	-0.749469935894013	0.346735835075378	0.5985147356987	-0.47285208106041	-0.73620879650116	-0.333059936761856
X6fee5aa5.2a1b.4521.b479.5c355a9cae7a	1	-0.0170064847916365	0.0941835343837738	0.00332155358046293	0.00147560087498277	0.00164805399253964	0.019921138882637	-0.151038154959679	-0.808692574501038	0.167851224541664	-0.60799914598465	-0.167198359966278	-0.279786169528961	0.459721237421036	0.839716970920563	0.139575481414795	0.32892319560051	0.958672523498535	-0.219896599650383	-0.480102151632309
X80c56dc1.f92b.40a3.8ee2.7421d2c890d2	1	-0.0180816594511271	-0.227497085928917	0.000996338785625994	-0.00203095888718963	-0.00408463180065155	-0.0109893102198839	1.4937983751297	1.37474656105042	-0.285661220550537	-1.76980757713318	0.217984154820442	0.483386635780335	0.576966047286987	1.05806505680084	-0.888750672340393	1.24303460121155	-0.405855894088745	1.26713395118713	0.523208916187286
X62d47f1e.1093.4672.87cf.9e8955e16311	1	-0.0118349278345704	0.0255506858229637	-0.000489916943479329	0.00285661802627146	-0.0015326882712543	0.00184745411388576	-0.199311196804047	-0.112525343894959	0.0667120292782784	-0.687272489070892	-0.204646870493889	0.0494868345558643	-0.156589597463608	0.628151476383209	-0.197393283247948	0.398468762636185	0.14805394411087	-0.516364276409149	-0.0128547577187419
ab7db91b.b7e4.4276.93d6.6d1a8948dd73	1	-0.0132739264518023	0.00791897252202034	-0.001123137306422	0.00451444275677204	-0.00433947518467903	0.00119241350330412	0.0408825911581516	-0.351828038692474	0.329258918762207	0.020793542265892	0.538847148418427	0.789478063583374	0.319534629583359	0.625721096992493	0.785101711750031	-0.421182513237	0.42872080206871	-0.254046618938446	-0.0679123550653458
ad02c667.7bb1.4453.ad14.f3294780b4c6	1	-0.0170058384537697	0.117591150105	0.00267933309078217	0.00461436389014125	0.00210797064937651	0.018490107730031	-0.00199677422642708	-0.504153192043304	-0.0481569357216358	0.180642411112785	-0.328908264636993	0.778832316398621	0.890734910964966	3.12912273406982	-1.29151451587677	-0.485145747661591	0.529041469097138	0.224650576710701	-2.52187943458557
bc155e29.2c22.4a36.9828.7f0b047a05d7	1	-0.0147048411890864	-0.0301630310714245	0.000593566917814314	-0.0032032213639468	-0.00454823486506939	-0.00496009271591902	-0.563103795051575	0.492153704166412	1.08528089523315	-1.08552658557892	-0.407608449459076	-0.660654723644257	0.0881370455026627	1.97705173492432	0.948918223381042	-0.2463668435812	0.258223205804825	0.577007114887238	1.26307785511017
f056f7a0.c1d4.4866.b178.3023b495cdfd	1	-0.0151430070400238	0.0288293324410915	-0.0024746956769377	0.00480764824897051	-0.00182597059756517	0.0091506764292717	0.607629597187042	0.447791755199432	-0.879063248634338	-0.969473719596863	-0.0291047096252441	-0.00544951902702451	-0.699302554130554	0.120035760104656	0.105495102703571	-0.178247913718224	0.646034002304077	-0.633403778076172	0.0525258369743824
X835f75b7.173d.425c.ac57.b11fa22d78d4	1	-0.0161081459373236	0.0359037183225155	0.000108901636849623	-0.00329805072396994	-0.0016862831544131	0.00258056772872806	-0.0358808264136314	-0.473275363445282	-0.514650702476502	0.708965122699738	-0.669286012649536	-0.383936762809753	-0.396781742572784	0.450505971908569	0.552323937416077	0.373829364776611	0.105754993855953	-0.533539414405823	0.33204859495163
fa545fa1.0d47.4abf.a9d7.7a834ced8946	1	-0.0142216868698597	0.0306801218539476	0.000614352873526514	0.00292332097887993	-0.00234592380002141	0.0148369437083602	0.30986350774765	-0.00371791888028383	0.337752044200897	-0.293242484331131	0.808624088764191	-0.808242201805115	-0.977019906044006	1.42570888996124	0.119945399463177	0.449673891067505	0.968454658985138	-0.763554573059082	0.291579574346542
ae831e46.4805.4576.af8e.36f7ea2da14e	1	-0.0162217766046524	0.0494476519525051	-0.00013605687126983	0.00537104066461325	-0.00202260399237275	0.00293255224823952	0.714060962200165	-1.20802879333496	-0.0969090238213539	0.620625674724579	0.44328573346138	0.224989295005798	-0.875740647315979	0.716544508934021	0.186679780483246	0.0875316336750984	0.920661330223083	0.0126117188483477	0.0924837067723274
X24dcb00d.ab59.4dad.b57c.8aeee6ab06e5	1	-0.0128825716674328	0.0248346142470837	-0.00155101146083325	0.00278445333242416	-0.00294312136247754	-0.00450259214267135	0.150021329522133	-0.0714884772896767	-0.488407790660858	0.453070759773254	-0.100552760064602	0.475012481212616	-0.936458468437195	-0.387997061014175	0.324250370264053	0.50618851184845	0.210674539208412	-1.00140202045441	0.272321313619614
d1800c87.078e.469b.b9bb.1eda4b594e5a	1	-0.0222182683646679	-0.28329661488533	-0.000348483503330499	-0.00212886999361217	-0.00332415197044611	0.0334354303777218	2.79790568351746	-0.648493945598602	1.83436822891235	-0.362700581550598	1.96859622001648	-0.346970707178116	1.1306779384613	1.00703692436218	1.36379241943359	-0.750243008136749	-2.50009322166443	-2.62130880355835	-0.181640297174454
X7e5f62f6.bcec.4a3a.a25f.88178fcde345	1	-0.00642306683585048	-0.00442419527098537	-0.0019569129217416	0.000672433990985155	-0.00413580099120736	-0.00238343421369791	0.0348085053265095	-0.585247755050659	0.334764808416367	0.770547211170197	0.185334965586662	-1.37665796279907	0.983541488647461	-0.0346062444150448	-1.15432858467102	-0.516889452934265	0.193931549787521	0.284720927476883	0.456417143344879
X75c2a9ba.864b.4bc9.bae6.0faf04bc82ca	1	-0.017898216843605	0.0721210092306137	0.00315392855554819	0.000532448233570904	-0.00041084477561526	0.00574061553925276	0.610979914665222	0.221607014536858	0.2568539083004	-0.534263432025909	-0.154633462429047	-0.187519818544388	0.119297347962856	-0.68149596452713	0.219798550009727	0.359885215759277	0.136347636580467	-0.0569991804659367	0.749337375164032
X93b0e7dd.b869.44bd.9ea5.b933cacf5ffe	1	-0.0168668776750565	0.0618133395910263	-0.000306920788716525	0.000251624645898119	-0.00467094453051686	-0.00242762616835535	-1.10972654819489	-1.06176543235779	0.130464375019073	0.260930269956589	-1.59884285926819	1.65338480472565	1.26509499549866	1.18692028522491	-0.109823375940323	-0.0619161725044251	-0.955435216426849	-0.603798031806946	2.0879545211792
X36b5022c.8096.43e3.ab40.428a54b23ca0	1	-0.0191726572811604	0.100279204547405	0.00361048057675362	0.0033012586645782	-0.00142841145861894	0.0091866347938776	0.0273307077586651	-0.496225386857987	0.436281740665436	-0.903572082519531	-0.378844201564789	-0.0115970261394978	0.238622143864632	0.944794654846191	-0.819545805454254	0.659686982631683	0.276214748620987	0.358038306236267	-0.64902275800705
X83bc916c.875f.4c16.bc6f.55c1b3be0aac	1	-0.0154124870896339	-0.0627395510673523	-0.00166403548792005	-0.00084224680904299	-0.0055495179258287	0.00655237585306168	0.850616335868835	0.606359779834747	-0.555880188941956	-0.24616739153862	-0.40726962685585	0.854989409446716	1.11415326595306	-0.533990979194641	0.0918413326144218	0.838763117790222	-0.71245276927948	0.0890532359480858	1.88871037960053
X0bfbce6d.ffff.49dd.b797.53d55a0f0bf1	1	-0.0179764423519373	-0.0173405539244413	0.00198001018725336	0.00228807935491204	-0.00237440294586122	0.0290260463953018	0.374202340841293	0.184593766927719	-0.536608278751373	0.930704295635223	-0.734151124954224	1.64445328712463	1.26235854625702	-0.777562022209168	-0.401313483715057	0.467542797327042	-0.186589494347572	0.301344513893127	-0.826200544834137
X3ab1aa33.fcdd.4b2c.a99c.ee5b46730c7a	1	-0.0210850667208433	0.0225820820778608	-0.00140994018875062	-0.00237091863527894	-0.00603356910869479	0.0206995960325003	-1.08609819412231	1.01985788345337	-0.880291402339935	0.0753995105624199	-0.329659819602966	0.590136051177979	1.44747066497803	-1.13118100166321	-0.253468185663223	-1.5456395149231	1.12599551677704	0.235974252223969	-1.71088218688965
X1cbae723.635f.4b67.a5d2.f9073fbc0228	1	-0.0232221372425556	0.207168400287628	0.00918661803007126	0.00164866668637842	0.00544064352288842	0.0362360179424286	0.0213248357176781	-0.784471929073334	-1.39373004436493	1.47133612632751	-0.644778728485107	0.0421687848865986	1.5939199924469	-1.02562177181244	1.43821275234222	-2.23335456848145	0.521096050739288	1.6218649148941	4.24640035629272
X8d8e3a3d.737d.4bcf.b98f.87c460d03407	1	-0.0236212611198425	0.0864521190524101	0.00283836992457509	-0.0110146207734942	0.000744395423680544	0.0168434716761112	0.490269839763641	0.898247539997101	-0.765761911869049	-0.696090281009674	-0.298082500696182	-4.22407627105713	-2.24944949150085	1.03051102161407	1.47152066230774	-0.126643836498261	0.985348641872406	-0.648808181285858	-0.387139052152634
X96dbf8f2.55d0.4b44.b73d.e6cb664007da	1	-0.0171766392886639	0.0350893959403038	0.00309017696417868	0.00291210738942027	-0.00152550521306694	0.000549933698493987	1.32853245735168	1.21434307098389	6.37598568573594e-05	0.0615255497395992	0.197695225477219	0.490873724222183	-1.00447022914886	-1.71561694145203	0.967727899551392	-0.277624696493149	-0.10637553781271	1.2641282081604	-0.506662964820862
f3264d5d.c2fd.42ed.9518.7858039f5a28	1	-0.0193612854927778	0.16785341501236	0.0068504000082612	-0.000117618059448432	0.00181751395575702	0.0184215512126684	-0.483491688966751	0.61053591966629	-0.135033398866653	-0.342447310686111	-1.56560301780701	0.388522058725357	1.09451401233673	1.10874700546265	-0.573491454124451	0.0967805236577988	-0.294311493635178	0.465048551559448	-1.02002882957459
X134a17cc.8c4f.4303.8df9.ddff918187ce	1	-0.0196665953844786	0.0520195588469505	0.00140568998176605	-0.00136658793780953	-0.00414918828755617	0.00438454048708081	-0.108249112963676	0.00131711002904922	0.556509375572205	0.799302220344544	-0.625294387340546	-0.948531627655029	-0.951536953449249	-0.695793569087982	0.527911305427551	0.756393790245056	0.483852088451386	1.07931518554688	1.02043151855469
X9ee34cc8.f301.4f86.a290.818834e6a225	1	-0.0167834796011448	0.0508703142404556	-0.000579088227823377	0.000959795957896858	-0.00611754693090916	0.0115043139085174	-0.197199150919914	-0.218923941254616	-0.318435460329056	0.668562233448029	-0.457992941141129	0.638543963432312	0.163060277700424	-0.278281569480896	-0.121677793562412	0.170931771397591	-0.0863948836922646	-0.243908822536469	-0.438915759325027
X84625329.4871.4e09.83cf.0dd071761812	1	-0.0180746130645275	0.0822327062487602	0.00543944630771875	-0.000397526397136971	0.000154362380271778	-0.0033195570576936	0.209790915250778	-0.717074692249298	1.29901790618896	1.04152023792267	-0.509905278682709	-0.671632349491119	0.376539796590805	1.20358645915985	1.16223454475403	0.532179415225983	-0.46381750702858	1.47127950191498	0.0407982617616653
dbce86f7.fc9c.4346.8466.52a5d73c2135	1	-0.0123944422230124	0.0115510420873761	-0.00204372406005859	-0.000648669083602727	-0.00328775914385915	-0.00874433387070894	0.0844827443361282	1.16482591629028	-0.237863406538963	0.501710951328278	-0.550859153270721	0.454070210456848	-0.331479400396347	-0.756063401699066	0.876539766788483	0.068650022149086	-0.774415135383606	-0.121716074645519	0.215793773531914
X922e8ec1.bb75.4db7.b4b0.e2c08767150e	1	-0.0145481182262301	-0.00175157131161541	-0.00222773081623018	0.00207247352227569	-0.00340392510406673	-0.0163069572299719	0.148966491222382	0.861813187599182	0.053183700889349	-0.0427510477602482	0.229923322796822	0.605704367160797	0.585294723510742	-0.332291454076767	1.52318811416626	-1.90057730674744	-0.187202468514442	0.795263230800629	0.422579497098923
X400d1b08.0088.4624.a3d7.58f720d3ab17	1	-0.0198424588888884	0.00448235310614109	-0.00279336050152779	-0.000613768992479891	-0.00261960597708821	-0.0194233115762472	0.497616529464722	-0.735210537910461	0.161529362201691	0.948862850666046	0.805408895015717	-0.246538326144218	-0.525903284549713	-0.962518334388733	-0.210438191890717	-0.496930867433548	0.60286557674408	0.584256231784821	-0.208496451377869
be37150e.7c80.469b.9781.625803330ef7	1	-0.0180728919804096	0.0358096063137054	0.000837679079268128	0.00593146728351712	-0.0022127372212708	-0.0133530972525477	0.680805206298828	-0.572998344898224	1.90473353862762	0.263639390468597	1.41347312927246	0.0300122182816267	0.25715434551239	-0.130279377102852	-0.345530062913895	0.0493369102478027	-0.18225634098053	0.605801403522492	0.536991238594055
d75861df.2425.4959.bc64.90dd072da61f	1	-0.0192909277975559	-0.152998149394989	0.00158441800158471	-0.00646770233288407	-0.0043431343510747	0.00116359035018832	0.304717093706131	-1.1050797700882	-0.643270313739777	0.944494664669037	0.505364537239075	0.576281607151032	0.417080491781235	-0.502661764621735	0.61192786693573	-0.729757249355316	0.000319734681397676	0.101185373961926	0.94648951292038
a9f699ff.cfaa.4740.bd41.d9c4998635ed	1	-0.0149469701573253	0.024841969832778	-0.00159244344104081	0.00161710637621582	-0.00281856046058238	-0.00570260267704725	0.743508994579315	0.508380115032196	-0.0674038380384445	0.470902234315872	-0.30442076921463	-0.178017318248749	-0.106300942599773	-0.183610528707504	0.784136354923248	-0.0197746958583593	-0.725558340549469	-0.132791057229042	-0.00784550700336695
X882c61d4.2bfc.47f9.906e.538de70256de	1	-0.0178960673511028	0.0662597939372063	-0.00118163356091827	0.00129427819047123	-0.000946135958656669	-0.0130675183609128	1.01201713085175	0.713382840156555	0.0634325221180916	0.470716506242752	0.048964936286211	-0.983974099159241	0.465035080909729	0.525513708591461	0.634610831737518	-0.829657912254334	-0.93230664730072	0.514020442962647	1.10336530208588
X0675d182.c500.4a50.87a9.d32354204372	1	-0.0198694430291653	-0.0357318036258221	-0.00525587424635887	-0.0077677546069026	-0.0112102683633566	-0.00331214396283031	0.434083342552185	0.318674027919769	-0.377091109752655	1.18122029304504	-0.390443325042725	-0.51966667175293	2.95299100875855	-1.44827878475189	0.129129111766815	0.255129426717758	0.278908252716064	-0.289777398109436	-2.40931034088135
X6110d537.d53f.4113.8367.da844c2a5e0e	1	-0.0164395794272423	0.0369368754327297	0.00479867029935122	-0.00260363449342549	-0.000517908076290041	0.000633401214145124	0.583350360393524	-1.11656272411346	-0.0517602115869522	2.11732411384583	-0.288987368345261	-0.301886290311813	-0.702425241470337	0.120633818209171	0.49629271030426	1.68715298175812	-0.408976525068283	0.289333581924439	-0.553329765796661
e2b13ac2.56a2.4eb0.a196.9fc7c30444f1	1	-0.0214145854115486	0.107058495283127	-0.00186204817146063	6.10635470366105e-05	0.0004718346754089	0.0102711627259851	0.802745997905731	0.370275467634201	-1.93659687042236	-0.522264122962952	-1.81411623954773	-0.889145910739899	-1.43486344814301	-0.238825723528862	-1.7745908498764	1.15824234485626	-0.22447282075882	0.502044916152954	1.030308842659
X0c8051f1.4d42.4caf.8cf9.f21a423af28a	1	-0.0143788512796164	0.025337528437376	-0.000248836498940364	-0.000392237445339561	-0.00376840610988438	0.00117532548028976	-0.298742026090622	0.0440447553992271	0.172820344567299	0.593585729598999	-0.575303733348846	1.51566362380981	0.862271070480347	-0.343603909015656	0.554930984973908	0.381797134876251	-0.495660066604614	-0.154093354940414	0.166074931621552
X10cc9a25.9370.4312.a854.e0975e1b924a	1	-0.0153710786253214	-0.0817350670695305	-0.00432804832234979	-0.00155684887431562	-0.00587890995666385	-0.00636989437043667	0.179799482226372	0.603055894374847	-1.08840191364288	1.40423882007599	-0.291284650564194	0.214883521199226	-0.957948446273804	0.407230257987976	-0.289347231388092	1.6317173242569	0.0373958274722099	-0.348811030387878	-0.0513265244662762
X0073dd85.3df4.44c0.a33a.16bf9ff5cae5	1	-0.0164970327168703	-0.0219143275171518	-0.00259547401219606	0.000891818082891405	-0.000425135163823143	-0.0143787348642945	0.0388613529503346	0.318503230810165	-0.316092729568481	0.887030363082886	0.528607130050659	1.84634077548981	0.818450808525085	-0.487672090530396	0.841103494167328	-2.32713603973389	-0.043204702436924	0.584738731384277	-0.650417864322662
X1630b5ee.a28d.4014.889a.70ea678cadcf	1	-0.019246032461524	0.0398879088461399	0.000265183392912149	0.00152083905413747	-0.00354890921153128	-0.00260403635911644	0.451581329107285	0.180165782570839	0.0826258435845375	-0.194418638944626	-0.144821435213089	0.527498245239258	0.157509669661522	-0.241091877222061	-0.0477377101778984	-0.382018774747849	0.431952297687531	1.38530313968658	0.436347246170044
X9625b848.26f1.4925.bdcd.93c954b831a4	1	-0.0159469395875931	0.0361251160502434	0.00117502524517477	0.00339305517263711	-0.00233492604456842	-0.000850085227284581	-0.0476181097328663	-0.168870076537132	0.732253849506378	-0.529388010501862	-0.173399657011032	0.546016573905945	0.044872522354126	0.624903321266174	-0.14048632979393	-0.415889441967011	0.238305598497391	1.1441924571991	-0.259960174560547
b2288cb3.32ba.4166.804c.5937aafba9d3	1	-0.0198119878768921	-0.168079704046249	-0.000785853248089552	-0.00745160784572363	-0.00733643863350153	-0.00876188650727272	-0.729488968849182	-0.0776949301362038	-0.846952438354492	-1.97680675983429	0.481248170137405	0.247175067663193	-0.0138221811503172	-0.405044227838516	-1.07925081253052	-0.762539446353912	1.41930651664734	0.891443073749542	-0.981684744358063
X3914a3f4.f488.4b8f.a935.31d452377b64	1	-0.0178422760218382	-0.0170603152364492	-0.000473215302918106	-0.000321693747537211	-0.00366449751891196	-0.0139544503763318	-0.352139949798584	-0.0752613246440888	0.674652218818665	-0.679398655891419	0.614669382572174	0.572864353656769	-0.745139420032501	0.481723040342331	-0.041352704167366	-0.466108947992325	0.169342145323753	1.85407865047455	0.243068143725395
a1a72f64.dc40.4aca.a727.9b86203fb0c9	1	-0.00982785876840353	-0.0342242419719696	-0.00211135391145945	-0.000346602464560419	-0.00536408042535186	-0.00530676497146487	-0.347975850105286	-0.739321053028107	0.98889023065567	0.78477942943573	0.601564228534699	-4.88593435287476	0.733371794223785	-0.526372253894806	-4.28783321380615	-2.2587902545929	1.40625751018524	1.55096733570099	0.183079868555069
b4ba4113.c8c6.4154.be76.e04d75a23a0d	1	-0.0153701072558761	0.0610495395958424	5.95738165429793e-05	0.00110111967660487	-0.0019344761967659	0.00102686730679125	-0.802207171916962	-5.36490678787231	-2.76143980026245	-3.13438582420349	1.78786063194275	-0.48715204000473	-1.30208039283752	-2.19586586952209	0.48118668794632	0.994986474514008	-4.81488180160523	2.07927131652832	-1.18633818626404
X5b813c05.aa0e.445d.b7d4.f2c56a880ebd	1	-0.0155386971309781	0.0350082144141197	0.000651779875624925	0.00273585715331137	-0.00299288192763925	-0.00322741456329823	0.162038087844849	0.198184624314308	-0.121212229132652	-0.387556105852127	-0.559967637062073	-0.0175175592303276	-1.69092059135437	-0.315452724695206	-0.0486968383193016	0.861895024776459	0.0674711242318153	0.362654387950897	0.634301602840424
X81d029df.f95e.4ad9.9a0f.bed24e1a0065	1	-0.0168640222400427	0.032501544803381	-0.000230531295528635	0.00466646486893296	-0.00410445360466838	-0.00584999658167362	-0.234875395894051	0.470130115747452	0.865170359611511	-0.924828171730042	0.0640355497598648	0.102099724113941	-0.0963558256626129	0.494169145822525	-0.408118724822998	-0.222334876656532	-0.213004812598228	-0.257332623004913	-0.0562803633511066
X0b840cfa.5821.4380.833f.d4acf3426d3c	1	-0.0135048488155007	-0.0152893299236894	-0.00100665434729308	0.00148203305434436	-0.00388451362960041	-0.0105411959812045	0.318457990884781	0.777006924152374	0.106406711041927	-0.789313733577728	-0.180041030049324	-0.10352623462677	-1.49902272224426	-0.494735032320023	-0.184392958879471	0.465068280696869	-0.146725833415985	0.0923806875944138	0.125233709812164
X0fbece6e.5e15.4d2c.9a8e.bcbe76238ae6	1	-0.0192014519125223	-0.0316441990435123	0.0061153513379395	-0.000846164242830128	-0.00234274612739682	-0.00484995543956757	-0.671011209487915	-0.0158190503716469	0.902634382247925	-0.903795599937439	-0.907021045684814	0.384940415620804	-1.70547211170197	0.146821320056915	0.990968406200409	0.641204953193665	0.975513756275177	1.77108204364777	-1.67457735538483
b8cc18ad.cdbd.4bde.ae31.7bb3cc42533a	1	-0.0212035235017538	0.0382951721549034	-0.00107975408900529	-0.00207570567727089	0.001529760658741	0.0021420877892524	0.102333977818489	1.66738617420197	-1.6067453622818	-0.853806853294373	-0.321383029222488	0.120945513248444	-0.647255957126617	-0.227160051465035	0.548774003982544	-2.76338410377502	0.562903821468353	0.728586792945862	-1.63375544548035
f979b75c.6252.47b7.a621.d078fe3322b3	1	-0.0167838875204325	0.0835499987006187	0.00369771150872111	-0.00252754054963589	-0.00154736742842942	0.00639117136597633	-0.960410833358765	0.731662631034851	-0.813770294189453	-0.00697410758584738	-1.15724205970764	1.63610196113586	-0.0922506526112556	0.0500978790223599	0.0321963354945183	0.554537713527679	0.0859909504652023	0.0065312972292304	-0.00167998904362321
X98f453d8.779e.4abe.98e4.38e8238a66e3	1	-0.0209351517260075	0.00592885166406632	0.000175899622263387	-0.00102693773806095	-0.00656893569976091	-0.0108333481475711	-0.273737460374832	-0.547078132629395	0.254837483167648	2.76157569885254	-0.550393402576447	-0.0110807605087757	-0.370494306087494	-0.843987345695496	2.35733509063721	-0.0563649274408817	0.625393509864807	2.3110363483429	0.513251841068268
X7476ffde.9bbf.40f1.b24c.2420d877efd5	1	-0.018848080188036	0.0255613476037979	0.00468403985723853	-0.00280188978649676	-0.00154167436994612	0.0126428734511137	-0.537655532360077	1.32581663131714	1.68878161907196	0.873737454414368	-0.68830680847168	0.952615082263947	-1.35815560817719	-1.95278358459473	-0.282711327075958	0.371334314346314	-0.315481394529343	0.258562088012695	-1.94639873504639
X2ceadf05.651a.4eb5.ba19.6b403e70d25c	1	-0.0173727739602327	0.0201133564114571	-0.00160734087694436	0.00278609408996999	-0.00487785460427404	-0.0130847720429301	0.196422010660172	0.38099929690361	0.689998805522919	-1.04285657405853	0.947186887264252	0.153978824615479	-0.158293753862381	-0.807634234428406	-0.727256238460541	0.0160629451274872	-0.0312573537230492	-1.04908633232117	0.0698098093271256
ecb0047a.4e68.4b04.9341.5a7e52652b9b	1	-0.0231437478214502	-0.206212550401688	-0.00341790355741978	-0.00478633726015687	0.00751775503158569	0.00123548251576722	0.143928453326225	-0.729505062103272	-0.60048896074295	0.654007852077484	-0.157470181584358	1.43229198455811	2.79095935821533	0.369442492723465	-1.6445996761322	2.4383020401001	1.41910362243652	2.73631978034973	0.0827518850564957
a303796a.837d.4a5c.97ba.8a5bfbcc02d9	1	-0.019144956022501	0.0556484647095203	0.0025537209585309	0.000544957001693547	-0.00173767108935863	-0.00824194308370352	0.0178409833461046	-0.981287121772766	0.996686220169067	0.0174152497202158	0.689815759658814	-0.471422374248505	0.261365830898285	-0.229349762201309	0.361373573541641	0.0713428184390068	0.399416595697403	0.00573078682646155	-0.146751582622528
X2ed8b7af.c357.46c8.9c47.66e28de05ef4	1	-0.0162859261035919	-0.0573322810232639	0.00290605612099171	-0.000673977134283632	-0.00237766210921109	0.00241568358615041	-1.32277512550354	-0.779589295387268	-0.562019288539887	2.1642746925354	0.124309740960598	1.01613879203796	-0.237560868263245	-0.237602084875107	1.87985336780548	-0.0701903328299522	0.394163429737091	-0.96396940946579	-0.486725002527237
X37310642.fec9.48ad.a969.1d191ee6a572	1	-0.0179981235414743	0.0436591058969498	0.000639275589492172	0.00480239558964968	-0.001914048101753	-0.0082067558541894	-0.174357414245605	-0.097721129655838	1.72409439086914	-0.4587082862854	1.15093350410461	0.209705963730812	1.40248596668243	0.729238867759705	-0.258767426013947	-0.860184490680695	-0.218466058373451	-0.543799996376038	0.489825278520584
X00147a2c.c54b.4a97.b94f.32e6d176a345	1	-0.0186473596841097	0.012943890877068	-0.00120986823458225	-0.00240956083871424	-0.00584414415061474	-0.0150953540578485	-0.0763261690735817	0.00876405462622643	0.474677830934525	-0.488823920488358	0.702722370624542	0.12982514500618	-0.706806361675263	-0.629088401794434	-0.010747198946774	-0.685392558574677	0.11389634758234	-0.59098881483078	0.533658564090729
X2707259c.f2b0.4ebc.acb1.60aadd0e34d5	1	-0.0155378403142095	0.0472349487245083	0.0018133643316105	-0.0074772210791707	-0.000791251368355006	-0.0178477391600609	-0.28403577208519	1.58698487281799	-0.0205622091889381	-1.01113772392273	-0.775201559066773	0.394012540578842	1.44595074653626	0.800013482570648	-0.346044182777405	-1.34141492843628	-1.63525712490082	-0.635226666927338	-0.691318809986115
X95d2ce3c.b4e9.4d31.9723.fbe8f8951d26	1	-0.0179612953215837	0.0179104618728161	0.00022143694513943	0.000969794753473252	-0.00158486608415842	-0.00900453049689531	0.226851359009743	-1.05546748638153	-0.0919725596904755	-0.0462772436439991	0.466714084148407	0.163019075989723	-0.962762236595154	-0.487474530935288	-0.859401822090149	0.315587222576141	0.360739588737488	-0.274518460035324	0.685763657093048
X5f5beb14.db23.456f.ac04.a1a4928eea0e	1	-0.0158714130520821	0.0261316634714603	0.00229401187971234	-0.000943553750403225	-0.0036300253123045	0.00333443307317793	-0.720231771469116	-0.0102072302252054	0.0705885142087936	-0.125809580087662	-0.380622208118439	0.626323401927948	0.0389507338404655	-0.0611675158143044	0.116325385868549	-0.0369340553879738	0.200895711779594	-0.833269596099854	0.85288804769516
bb0c2ebe.25b3.4f03.b4c5.554a200245c1	1	-0.0177545435726643	0.0129030542448163	0.00217919563874602	0.000470658735139296	-3.59541627403814e-05	-0.00433392124250531	0.155822575092316	-0.298599988222122	-0.487893998622894	0.138727366924286	0.0379690863192081	0.271667331457138	-1.25601041316986	-0.0930861756205559	-0.853603422641754	1.73563158512115	-0.00266634300351143	-1.276407122612	0.0814113840460777
X2a424f52.76bd.49fe.90b2.c77bb4958ea1	1	-0.0163900330662727	-0.0110236862674356	-0.00157991226296872	-0.00112376408651471	0.00363195221871138	-0.0227014198899269	0.285185992717743	-0.0181380696594715	-0.3844054043293	1.6581197977066	-0.310227870941162	0.20406836271286	-0.0456309765577316	0.443436473608017	1.94292008876801	-0.456654071807861	-0.678166747093201	1.15466165542603	0.32739919424057
X5b9cb857.49d8.4823.90ad.fb1e0d926f36	1	-0.0173285398632288	0.0469692386686802	0.000705904967617244	-0.000499745889101178	-0.000606434186920524	-0.00871097203344107	0.284427791833878	0.823109328746796	0.0358281023800373	-0.390443205833435	0.669179558753967	0.541259229183197	-0.0903599411249161	-0.173803672194481	-0.397552281618118	-0.846159160137177	-0.100494228303432	-1.08293342590332	0.118458934128284
X0284a141.636c.4712.a027.8dc4768c85d9	1	-0.0124912094324827	0.0303586050868034	0.000612914271187037	0.000637957535218447	-0.00186805124394596	-0.00411363085731864	-0.773787438869476	-0.0394190363585949	0.548144340515137	-0.620683968067169	-0.675346732139587	1.10578167438507	1.17876553535461	0.791825652122498	0.575589656829834	-0.0602719634771347	-0.681405365467072	-0.356179445981979	1.35215818881989
a888f87e.98ad.4f0e.86f7.fa51a15161d4	1	-0.0206151716411114	-0.103752724826336	0.00049649563152343	-0.0105508957058191	-0.00369117013178766	0.00860264711081982	-0.637791275978088	-0.846284210681915	-0.782856702804565	-2.27708911895752	1.45149528980255	0.42601865530014	-0.561860918998718	0.0282420739531517	-0.631212830543518	-1.84872007369995	1.39360058307648	-2.22289085388184	3.05496001243591
X9b6bc38e.d897.4377.9d38.1af0f82503b9	1	-0.0168639551848173	0.0278246942907572	-0.00059557007625699	0.00111521000508219	-0.00485266651958227	-0.0108243068680167	0.509473264217377	0.09124506264925	0.307121187448502	-0.557824432849884	-0.155357092618942	-0.0300045683979988	-1.00978779792786	-0.149647533893585	-0.213231936097145	0.389175772666931	-0.174605965614319	-0.107309564948082	0.0112919695675373
d0b4b4c1.2f2a.41f8.8836.89442d8674a2	1	-0.0234706327319145	-0.521169602870941	0.0110127432271838	0.0197773445397615	-0.00564898317679763	-0.041323896497488	-0.949024021625519	0.12546680867672	-1.6991149187088	0.318550080060959	-2.20667481422424	-2.04842758178711	-0.0531280115246773	-0.106444992125034	-0.819320678710938	-1.2276873588562	-0.459649801254273	-1.25693345069885	-0.344980925321579
a32e0fe9.2c86.45f9.9b03.90eb6d22e830	1	-0.0187195856124163	0.0509912148118019	0.00130336917936802	0.00263508129864931	-0.00351169286295772	-0.0101207830011845	0.380186140537262	-1.26250684261322	0.891739428043366	-0.716432869434357	0.871011197566986	-0.10796557366848	-0.542690575122833	-0.457360178232193	-0.633220255374908	0.551544070243835	-0.28959047794342	0.0971725732088089	-0.111953616142273
afbbdd36.5fd9.4594.878c.5a78b8f052a8	1	-0.0152851417660713	0.0731169581413269	0.00500199291855097	-0.00324367475695908	0.00129340041894466	0.00288893235847354	-1.16823196411133	-0.804054796695709	0.705690920352936	-1.10954773426056	-0.516925871372223	0.965727567672729	0.772822856903076	1.67798948287964	0.290907979011536	0.239398181438446	-0.440957099199295	-0.486012428998947	0.167980939149857
X060028f9.04c3.479f.bde1.3f7aa02657d2	1	-0.0169011726975441	0.0149830458685756	-0.000296690850518644	0.00105664890725166	0.00275334576144815	0.00148948701098561	0.335001111030579	0.0690949484705925	-0.479472279548645	-0.039472933858633	-0.108578182756901	0.784760415554047	0.115065209567547	0.655242800712585	0.938725471496582	-0.491256833076477	0.1653021723032	0.633162379264832	-0.39279443025589
fca76a63.de9c.47d8.b2d7.a9f5f7fe51f7	1	-0.0159493070095778	0.00634551560506225	0.00291288597509265	0.000864139292389154	-0.0027199643664062	-0.00215448928065598	-0.495570927858353	0.219610556960106	1.13655757904053	0.431952655315399	0.933134019374847	0.71307235956192	0.199666008353233	0.129789710044861	0.213799715042114	-0.210132852196693	-0.259418189525604	-1.52866911888123	-0.851677358150482
X82c47b0d.8c8d.4583.8d5f.45071a772b4e	1	-0.0156056201085448	0.0911928564310074	0.00294339726679027	0.00144372973591089	0.00129618833307177	-0.00441675120964646	0.367585986852646	0.343273609876633	0.00070868112379685	0.523425757884979	-0.367851227521896	0.149377420544624	-0.545726776123047	-0.180436596274376	0.575651347637177	0.278263062238693	-0.792025327682495	-0.505011796951294	-0.146140083670616
X8a0e30eb.4134.48c2.b8cd.4a3193d052ff	1	-0.0216701049357653	0.0935152322053909	0.00427561532706022	-0.00251620262861252	0.00314468145370483	0.00473030051216483	0.322437345981598	1.46660161018372	-0.782636821269989	-1.54425179958344	0.0558878108859062	0.571401715278626	-1.62647354602814	-0.625092685222626	-1.13358974456787	-0.0623033381998539	1.28866744041443	0.557046175003052	1.28889751434326
X550dc13b.825b.4726.95d0.5d639c9daec2	1	-0.0191183499991894	0.0423626005649567	0.00257182633504272	0.00058311753673479	-0.00346857542172074	0.000205198681214824	-0.329704850912094	-0.727795779705048	0.691727519035339	0.295255541801453	0.46913081407547	0.410951048135757	-0.0585885755717754	-0.132860422134399	-0.707991778850555	0.39439395070076	0.376150518655777	-0.51432192325592	0.730786621570587
X3796b0b5.d93d.4c26.946e.798ca292757b	1	-0.0181305836886168	-0.0469701252877712	0.00182175531517714	-0.00282513140700758	-0.00045194398262538	-0.00262921559624374	0.699793696403503	0.988594710826874	0.586609244346619	-1.3457578420639	0.386915653944016	-0.143938571214676	-0.866275489330292	0.0262419935315847	-0.868564248085022	1.3656370639801	0.0706391409039497	-0.41180294752121	0.886942028999329
f4690f40.4dd3.44bf.987d.f978ed512c7e	1	-0.0196553729474545	0.102611385285854	0.00236758193932474	-0.00103308656252921	0.000976403651293367	0.00375021481886506	0.248340919613838	0.0726668015122414	-0.562183141708374	0.596774458885193	0.408672630786896	0.568702757358551	-0.335481226444244	-0.799758195877075	-2.06902408599854	0.793196856975555	-0.25116890668869	-1.05135226249695	-1.06817376613617
X7faa0290.1b18.4e75.a416.6bb58e1221b3	1	-0.0178523194044828	-0.174359440803528	0.000342988292686641	-0.000298258499242365	-0.00452921725809574	-0.00591475889086723	0.190162539482117	1.15372860431671	-1.45152771472931	0.628771424293518	0.554200410842896	2.06835389137268	0.975333213806152	-0.425821751356125	-1.43511199951172	0.931282758712769	0.86802738904953	0.355183601379395	0.801400721073151
X6b09c35d.22fc.4da2.bed9.005cef191aca	1	-0.0198089219629765	0.144093632698059	0.00521497940644622	-0.00241007143631578	0.00548502570018172	-0.00509548140689731	0.380828440189362	0.444554090499878	-0.414761930704117	0.0779750049114227	0.244344264268875	-0.0437285229563713	-0.223632842302322	-1.32805037498474	-0.543538570404053	-0.572253823280335	-0.801649272441864	-1.21558272838593	-0.774010539054871
a4d7aa4f.06fb.4c95.bd2f.24145397d6de	1	-0.0230985190719366	0.116208605468273	0.00617257785052061	-0.00533150788396597	0.00580975646153092	-0.0160100758075714	1.00913023948669	-0.0955172404646873	0.27979439496994	-0.485858052968979	0.868066966533661	-0.821868658065796	-1.33658492565155	-1.03524935245514	-0.854386031627655	-0.0238765347748995	-0.348149031400681	-0.501438319683075	0.314118415117264
X1f34b6eb.2360.4f24.9a71.b1c250a2fb2a	1	-0.0236343462020159	0.0311573930084705	0.00599881773814559	-0.00738295866176486	0.00257260724902153	-0.0176418274641037	0.492888033390045	-1.46475064754486	1.43259263038635	0.96026337146759	1.0169312953949	-1.18093407154083	0.342747539281845	0.51140433549881	0.127964362502098	1.03558015823364	0.326226592063904	1.01294910907745	-0.388474047183991
X5b27fdd7.eef9.4472.b0f5.1a48cb28be30	1	-0.0217866282910109	0.104856118559837	0.00178623211104423	-0.00250418460927904	0.00477197486907244	-0.00729866418987513	-0.692601799964905	-0.187364041805267	0.0105631649494171	0.435565978288651	-0.183816120028496	0.0403895750641823	1.25713765621185	0.306176513433456	-1.80850493907928	0.341687351465225	-0.451346933841705	-1.45586884021759	-0.641116619110107
X82380d51.e7d3.4dcf.b03e.1f8ff58572a5	1	-0.0207799896597862	-0.0128184305503964	0.00142367673106492	-0.0088213887065649	0.00133033527527004	-0.0153944743797183	-0.122363969683647	-0.727207660675049	-0.314137667417526	0.773157477378845	1.45979332923889	0.923874616622925	-0.524761080741882	-0.537363588809967	-0.796332716941834	-1.65973901748657	-0.157790005207062	-1.87552833557129	-0.481236755847931
X50c5ede3.67dd.4175.93ef.fc0db5f14df0	1	-0.0162157770246267	0.0325318202376366	-0.00152828975114971	0.0014113305369392	0.00165814277715981	-0.0127199841663241	-0.379333764314652	0.864051461219788	-0.329590767621994	1.31403207778931	0.219481021165848	0.669362127780914	0.035558357834816	0.00164565595332533	-0.341138809919357	-0.430339425802231	-0.63587361574173	-1.39034533500671	-0.133974522352219
X8f2226d0.f3d4.4203.953b.bb1541ec0024	1	-0.0155953941866755	0.00810792949050665	0.00121634849347174	-0.00730145862326026	0.00509346649050713	-0.0288050193339586	-0.673327565193176	0.544729471206665	-0.491809189319611	-0.576225936412811	-1.1293032169342	0.0941767320036888	0.786625623703003	1.91991662979126	0.721388280391693	-1.15868186950684	-1.54375910758972	0.215270325541496	-0.248184949159622
c540c6a0.a83d.4be6.8c1f.32396b32edf3	1	-0.020597867667675	0.0540738590061665	-0.000456188077805564	-0.00191303947940469	0.0020590762142092	-0.0137246837839484	-1.29190719127655	0.703873217105866	1.03334665298462	-0.560456454753876	-0.219461783766747	-1.00922036170959	1.92190086841583	-1.54479026794434	-0.382206112146378	1.53251922130585	-0.186370566487312	-1.24821352958679	0.64400327205658
de16e0fb.3893.4d61.9f9e.c233bab71e6a	1	-0.0191913973540068	0.0871446207165718	0.000846188864670694	-0.00219364883378148	0.00337614072486758	-0.00538602331653237	-0.824766933917999	1.17642343044281	0.0175692364573479	-0.837922334671021	-1.18807482719421	-1.565105676651	0.826986193656921	-1.12844550609589	0.422723829746246	2.33895802497864	-0.275059014558792	-0.926889300346375	0.189487025141716
X4a1257c2.6055.43f5.bf91.5398561f6fca	1	-0.0196801964193583	-0.0974933654069901	-0.00168365600984544	-0.0010964865796268	0.00509740598499775	-0.0126391490921378	0.00721553852781653	0.26103875041008	0.505419313907623	1.44830441474915	1.03715991973877	1.27046382427216	0.386307865381241	0.26343497633934	-0.146405160427094	0.342602670192719	0.254892528057098	0.551327586174011	0.261249363422394
X88323c10.801a.4e61.83d4.10ec71c967cb	1	-0.0221968684345484	0.0759768858551979	0.00162693008314818	-0.0001205859152833	0.00447413045912981	-0.000127107909065671	0.69370299577713	0.310613721609116	-0.142157912254334	-0.664900839328766	0.459451258182526	-0.965455412864685	1.07959568500519	-0.887855470180512	-0.275858014822006	-0.483112037181854	0.246122166514397	-0.296709477901459	-0.761662542819977
X1dfb6aa7.beb1.4d65.83f1.bfc6099df392	1	-0.01943582855165	0.0484392195940018	0.00194359221495688	0.00387495057657361	0.00457761529833078	0.0287252441048622	0.256401270627975	-0.649057626724243	0.167443066835403	0.405619084835053	0.920464038848877	-0.235024839639664	-0.398920387029648	-1.41054308414459	0.753481686115265	-1.62076902389526	1.01584720611572	-1.17683434486389	-1.70872414112091
X9149cc55.ccd9.45b1.b23d.356e8670044d	1	-0.0181736536324024	0.073359951376915	0.000195116968825459	0.00376685545779765	0.00192101171705872	0.0130464807152748	0.0749303176999092	-0.301880180835724	-0.0819917246699333	-1.59694027900696	0.252351105213165	-0.783167898654938	1.11577129364014	-0.180726379156113	-0.296610057353973	0.339630573987961	1.16083109378815	-0.823929786682129	-0.28177547454834
X7d9de657.7c63.4556.8265.b58c451e5204	1	-0.0170243754982948	-0.064573384821415	-0.00141586468089372	-0.00292818155139685	0.000484833028167486	-0.000865903741214424	-1.6657909154892	-1.41294050216675	0.50312215089798	1.19626677036285	0.544054567813873	-0.34451287984848	0.0620773397386074	1.02208518981934	1.58038628101349	1.1499844789505	1.82726645469666	-0.805776178836823	0.363074421882629
X274c9fe8.a5f5.4d82.a24c.baf5de0f570d	1	-0.0187177546322346	-0.0486619099974632	-0.00236777705140412	0.00117803947068751	0.00403871154412627	-0.00632741441950202	-0.350833892822266	-0.284757167100906	-0.0298685487359762	0.195268586277962	0.170630052685738	-0.00398851092904806	0.596261978149414	-0.687694787979126	0.867102861404419	0.782595038414002	1.03079235553741	0.305351912975311	0.286819577217102
X56e31045.7f52.4d3c.8da3.3224149cf70a	1	-0.0165714900940657	-0.00481823924928904	-0.00425270898267627	0.00676599843427539	0.00130693172104657	0.00340176187455654	-0.0528464764356613	-0.126228123903275	0.484723448753357	-0.976570963859558	0.010624716989696	-0.749807238578796	0.752038359642029	-0.410423934459686	0.235656917095184	-0.17633481323719	0.155107244849205	0.122275218367577	1.08282542228699
X96a6d6d5.4475.4279.bb7d.06e24e662f96	1	-0.0175251290202141	0.00461765890941024	-0.00463360268622637	0.00756144197657704	-0.000898947240784764	0.00154621235560626	-0.809930860996246	0.318737208843231	0.211503431200981	-1.33433854579926	0.0132232271134853	-0.779720783233643	-0.547726571559906	-0.496126741170883	0.12268977612257	0.63977724313736	1.2079656124115	-1.49878406524658	0.489117592573166
X39a5dbbc.863e.45fc.9207.24cb93b62b1b	1	-0.0139441201463342	-0.102432243525982	-0.00463167671114206	-4.92136823595502e-05	-0.00169365294277668	-0.00524933449923992	-1.21058011054993	-0.498322993516922	-0.297131210565567	0.471933424472809	-0.196157202124596	0.0981189236044884	0.306583732366562	0.425220668315887	0.85333776473999	0.446237862110138	0.899052441120148	-0.180036097764969	-0.197101250290871
X8ebeca08.95f1.41b0.b8f3.be0d52b0add7	1	-0.0176416542381048	-0.197989895939827	-0.00603576330468059	-0.00155570625793189	-0.00210974784567952	7.32454864191823e-05	0.265607625246048	-0.77699476480484	0.68686455488205	-1.19081437587738	-0.603151798248291	-0.970989763736725	-0.292255878448486	-0.150127604603767	1.53358149528503	2.59628319740295	-0.266949206590652	-0.198986828327179	-0.407284706830978
X841a1739.38f9.49dc.8d8c.2f4d61570960	1	-0.0145827382802963	-0.0500119104981422	-0.00649916287511587	-0.000473543273983523	-0.000714274297934026	-0.0182856880128384	-0.555514454841614	0.324122071266174	-0.903702437877655	-0.993906795978546	-0.331680327653885	-0.132871255278587	-0.932394981384277	-0.398025423288345	1.55772817134857	-0.471937149763107	0.291354387998581	-0.796739816665649	-0.444998979568481
X8108c4b6.f7f5.4e65.96f8.a94ca2aa566d	1	-0.0215056501328945	-0.191584780812264	-0.00649770442396402	-0.00508939102292061	0.0035386870149523	0.0297893676906824	-1.40930354595184	0.259057700634003	3.84235835075378	0.334974318742752	-2.84686040878296	-0.482935696840286	-3.60745573043823	-1.63142812252045	-1.36547601222992	-1.82323729991913	-2.34303569793701	1.16972219944	0.453561455011368
f490b492.e40c.4084.90ff.d8c84a97cb42	1	-0.0126000149175525	-0.0588771514594555	-0.00268900813534856	0.00199424964375794	0.000585247005801648	-0.0121532762423158	-0.0889658629894257	-0.0542139410972595	-0.269610196352005	-0.198942422866821	0.0871483683586121	0.525472402572632	-1.21772754192352	0.607594013214111	1.59278523921967	-0.0377261526882648	0.527242422103882	0.226187616586685	-1.05898404121399
