""	peer1	peer2	peer3	peer4	peer5	peer6	peer7	peer8	peer9	peer10	peer11	peer12	peer13	peer14	peer15	peer16	peer17	peer18	peer19	peer20	peer21	peer22
Fam20_Clone6_Pass19	1	0.293175786733627	-0.126985237002373	-0.949291348457336	1.38530552387238	0.910022497177124	-0.457201182842255	0.303038537502289	1.85865533351898	1.38490545749664	0.279055923223496	0.386908233165741	0.625552356243134	0.69260311126709	-0.097146213054657	-0.122005634009838	-0.243936330080032	0.0416798070073128	0.400884389877319	-0.669723272323608	0.420702874660492	-0.0362533926963806
Fam4_Clone4_Pass20	1	0.0966125875711441	-0.203269019722939	-0.586626648902893	2.15183234214783	-0.71789163351059	-0.47941517829895	0.453804165124893	1.01543545722961	-0.962738811969757	-0.944236695766449	0.320641666650772	-1.40355682373047	-0.537577986717224	1.26538050174713	-0.397992640733719	-0.897906601428986	-0.560038149356842	1.50687193870544	0.323841601610184	0.0755139067769051	-0.334851533174515
Fam6_Clone1_Pass20	1	0.393847525119782	0.0276765767484903	0.745264887809753	-1.35333073139191	-0.0585210658609867	-0.325729072093964	0.30852609872818	-0.824593544006348	0.270518034696579	0.907638788223267	0.293162286281586	0.483893990516663	0.654690861701965	-0.168717697262764	0.00825394876301289	-0.349722862243652	-0.271088987588882	0.233239516615868	0.481392085552216	-0.392843306064606	0.288944184780121
Fam88_Clone5_Pass25	1	0.239504292607307	-0.128941968083382	-0.443457782268524	-0.116486899554729	2.01639461517334	-0.313411980867386	0.393706351518631	-1.50079488754272	0.621446549892426	-0.554792165756226	1.21249508857727	0.209069237112999	1.10910069942474	-0.764244377613068	0.00323583651334047	-0.639627754688263	0.126288175582886	0.530866324901581	-0.0515661686658859	-0.802258610725403	-0.852095484733582
Fam3_Clone9_Pass23	1	0.392405450344086	0.0414236038923264	-0.021101163700223	-0.411871552467346	0.556337654590607	-0.830920577049255	0.676445424556732	0.673666119575501	0.0944615602493286	0.176780998706818	0.879989326000214	0.789609014987946	1.0658198595047	-0.500712752342224	1.23558700084686	-0.678767919540405	-0.165622919797897	0.0257810559123755	-1.11080658435822	0.396802842617035	0.400604218244553
Fam111_Clone7_Pass24	1	-0.154100030660629	-0.150546550750732	-0.0459966063499451	0.76028698682785	0.612126410007477	0.51278293132782	0.744692742824554	0.197094440460205	-1.02049565315247	0.447705090045929	-1.20667839050293	-0.167414158582687	0.249486282467842	0.217275783419609	-0.489252775907517	-2.06426978111267	-1.2114804983139	0.964091718196869	1.13873255252838	0.159808367490768	0.0575780980288982
Fam12_Clone1_Pass19	1	-0.062586672604084	0.111670985817909	-0.559950709342957	1.36288809776306	-1.20276129245758	0.596787035465241	1.42865920066834	0.698365330696106	0.152801290154457	-0.0683424323797226	0.248685032129288	0.31276199221611	0.602874636650085	-0.0946760773658752	0.532508969306946	0.489035457372665	-0.333621740341187	0.953330338001251	0.127092614769936	-0.161317735910416	0.0565069653093815
Fam22_Clone1_Pass25	1	-0.158408954739571	-0.300997942686081	-0.733571290969849	-0.0411518849432468	0.410817444324493	-1.70310819149017	-0.142634332180023	1.05662858486176	-2.31140470504761	0.313842087984085	-0.645040571689606	-0.0109556084498763	-1.38516199588776	-1.13822364807129	-0.071216493844986	-1.21842908859253	0.69212818145752	-1.31070613861084	-0.16335654258728	2.0694727897644	-0.00401044543832541
Fam9_Clone3_Pass19	1	-0.241552665829659	0.431336969137192	0.0988687798380852	-1.18926072120667	0.958381414413452	0.283398866653442	0.382373660802841	0.0386729836463928	1.22044944763184	-0.189079746603966	-0.846850514411926	-1.13416850566864	-0.234536603093147	-1.0638153553009	0.370637834072113	-1.14064121246338	1.64800155162811	-0.123975783586502	0.24259814620018	0.00334962015040219	-0.0322862379252911
Fam87_Clone6_Pass23	1	0.00768580287694931	0.177369445562363	-0.336869984865189	0.506496608257294	-0.955184996128082	-1.98510730266571	0.287206053733826	-1.38080108165741	0.107589714229107	-0.0730565562844276	1.84358024597168	-2.25110530853271	0.137916162610054	2.14517784118652	1.4710214138031	-0.0497128553688526	0.112707123160362	-0.749145448207855	0.795122027397156	-0.89501029253006	-0.430297017097473
Fam63_Clone2_Pass34	1	-0.269238770008087	0.130392268300056	-0.419158458709717	-0.498001009225845	1.19956839084625	0.841793417930603	-1.81763315200806	-0.104184046387672	0.769952595233917	-0.104580774903297	0.440358221530914	1.08600175380707	0.280970603227615	-0.76731151342392	-0.0191535577178001	2.18027305603027	-1.37135326862335	0.789299309253693	0.394556820392609	0.690162062644959	-0.359498858451843
Fam10_Clone2_Pass21	1	0.511245012283325	0.297392547130585	-0.232258185744286	-0.979835212230682	-1.2097795009613	1.00994741916657	0.907205998897552	-0.928285956382751	0.446968108415604	-0.062153622508049	-0.198807835578918	-0.435051113367081	-2.04170417785645	-0.037611473351717	-0.481130927801132	-0.298542201519012	0.491813510656357	0.608452022075653	-0.157936677336693	0.527264297008514	0.289620190858841
Fam1_Clone3_Pass32	1	0.447875082492828	0.451377242803574	0.403498739004135	0.373313754796982	0.691150188446045	-0.810456335544586	-0.0827451795339584	0.688492357730866	-1.92211544513702	1.16199493408203	0.348947763442993	1.04701626300812	1.53793442249298	-0.745863258838654	-2.04831671714783	0.695007085800171	-0.326909929513931	0.964884877204895	-0.251421570777893	-0.770132541656494	0.18974144756794
Fam1_Clone6_Pass20	1	0.157791182398796	-0.57723081111908	-0.0509960129857063	-0.65972638130188	0.152241393923759	-0.0263043232262135	0.0481958389282227	2.41484212875366	-0.633539259433746	-0.758293628692627	-0.406676024198532	-1.68250370025635	-0.355246752500534	0.0762351080775261	0.176179587841034	0.329656064510345	1.36364722251892	-0.774428427219391	-1.07241344451904	0.276333600282669	0.315170049667358
Fam1_Clone4_Pass21	1	0.302487820386887	0.192680850625038	0.5862917304039	0.0727083310484886	0.130549594759941	-0.630385935306549	-1.80020916461945	0.0199348349124193	-0.778542459011078	0.8654505610466	0.103892229497433	-0.0628993436694145	-0.505166053771973	0.966659605503082	0.0137666407972574	1.25825977325439	0.259629160165787	-1.34994208812714	-0.191969826817513	1.11353814601898	0.463703572750092
Fam9_Clone1_Pass21	1	0.244561925530434	-0.131651610136032	-0.623793184757233	-1.36711776256561	0.997176766395569	-0.277332782745361	0.829495370388031	2.53775596618652	-0.455554634332657	0.5173060297966	1.5688568353653	-0.381538838148117	0.0492181405425072	-0.0620982423424721	1.37860119342804	0.485441595315933	-0.687351286411285	0.245524406433105	0.315082371234894	0.546065390110016	-0.36116898059845
Fam10_Clone6_Pass20	1	0.0800613164901733	0.0717947408556938	0.106137476861477	-0.515653669834137	-0.29601064324379	0.393860995769501	-0.162613287568092	0.32361975312233	-0.961107909679413	-1.0719667673111	-0.706844031810761	-0.785336434841156	-0.0633834898471832	0.29981917142868	1.05268943309784	0.823298990726471	0.276728898286819	-0.465229243040085	0.34482416510582	-0.78007310628891	-0.158066913485527
Fam7_Clone2_Pass25	1	-0.141388922929764	-0.45390847325325	1.06492376327515	-0.0726840868592262	0.502326190471649	-0.670809686183929	1.18903851509094	0.403022348880768	0.289888262748718	0.179841667413712	-1.69784617424011	2.20970249176025	-0.523060262203217	0.805646121501923	-0.706930756568909	1.21807944774628	-0.387603759765625	-0.249598816037178	-0.484032690525055	-0.147745952010155	0.796812891960144
Fam78_Clone6_Pass19	1	0.186458185315132	-0.2415971159935	0.212867200374603	1.48582231998444	-0.611409485340118	0.451657623052597	-1.11968421936035	0.484338194131851	-0.185144379734993	-0.714486181735992	0.445377886295319	-1.63601422309876	0.73997288942337	-1.22257852554321	-0.470684081315994	-0.382841497659683	-0.0112235508859158	0.0370805710554123	-1.4088282585144	0.631071150302887	-0.110123857855797
Fam43_Clone5_Pass22	1	-0.143527328968048	0.322313368320465	0.536067306995392	0.176998972892761	-0.100927710533142	-0.356416165828705	0.354860693216324	0.855134546756744	0.41453805565834	-0.341420859098434	0.747786462306976	0.797568202018738	-0.70632928609848	-0.212677821516991	-0.0307010095566511	0.864316463470459	-0.0347823314368725	0.152944892644882	-0.118082985281944	-0.528227686882019	-0.497048795223236
Fam113_Clone4_Pass20	1	0.215581595897675	0.0168126970529556	0.281101077795029	0.554817736148834	-0.522608995437622	-0.121239960193634	0.477399349212647	0.210798442363739	-1.78300964832306	-2.05564999580383	-0.777480244636536	-0.599934279918671	0.415415495634079	0.195284977555275	-1.30824089050293	0.576461851596832	-1.04664659500122	0.890933215618134	-0.403012812137604	1.01138520240784	-0.171828970313072
Fam10_Clone3_Pass21	1	0.228394016623497	0.595337569713593	1.24225854873657	-1.50624692440033	-0.979954481124878	0.965780317783356	-0.0251332800835371	0.733806252479553	-0.0575658455491066	0.603560924530029	-0.483659267425537	0.621274054050446	0.356931686401367	1.75376653671265	-0.0944838896393776	-0.768208026885986	0.331270575523376	-1.10390257835388	-0.150754243135452	0.196506813168526	-0.390268892049789
Fam3_Clone11_Pass27	1	-0.278434365987778	-0.182070836424828	-0.830202996730804	-0.722379565238953	-0.871629238128662	0.0447019338607788	-0.943723142147064	0.677972733974457	-0.522322058677673	-1.19077301025391	0.113711208105087	0.882627248764038	-0.193793803453445	-1.14346790313721	0.0184813663363457	0.361390978097916	-0.275780022144318	-0.772773683071137	-1.05069172382355	0.365223079919815	-0.0766048207879067
Fam64_Clone6_Pass20	1	-0.229491695761681	0.288081556558609	-0.159086644649506	0.529892683029175	0.34824401140213	-0.555954039096832	-0.253411710262299	0.147455483675003	1.45406365394592	0.0482911430299282	0.813105404376984	0.924240112304688	-0.856309294700623	-1.15734052658081	-0.0593953989446163	0.390052944421768	1.57863664627075	0.717040181159973	0.0835980474948883	0.0447017140686512	-0.00091682153288275
Fam99_Clone4_Pass20	1	0.007661163341254	-0.421412616968155	0.402432233095169	0.727560460567474	0.618196666240692	-1.1997789144516	0.562006652355194	0.0715449750423431	-0.343450427055359	0.960687339305878	-0.321511447429657	0.141620278358459	-0.763374388217926	-1.04982364177704	0.118523262441158	0.737177908420563	-0.761849582195282	-1.23851549625397	0.876146852970123	-0.21132618188858	0.45243376493454
Fam17_Clone2_Pass23	1	-0.124877624213696	0.287493020296097	-0.289674013853073	-0.441508412361145	-0.723407626152039	-0.4134281873703	-0.54319030046463	0.161030024290085	-1.54001152515411	0.698529064655304	1.29272210597992	0.115276627242565	0.0535551756620407	-1.1101758480072	0.00454070884734392	0.771536529064179	-0.329908281564713	-0.26456955075264	1.17052805423737	0.424086213111877	0.129599496722221
Fam16_Clone2_Pass27	1	0.164138063788414	-0.0788161903619766	-1.01610505580902	0.116987578570843	1.73428893089294	-1.06976342201233	0.667014062404633	0.0941214486956596	0.688273072242737	-0.474531590938568	-0.388709604740143	0.486400872468948	1.65797686576843	-0.191914662718773	-0.778408348560333	0.0406408607959747	0.158282518386841	-1.11416339874268	-0.127794116735458	-0.497097432613373	-0.637036263942719
Fam112_Clone4_Pass19	1	0.0727424621582031	0.109202191233635	-0.737351834774017	0.846031367778778	-1.25692844390869	0.131743177771568	0.739591479301453	1.5806291103363	0.26868399977684	1.42079722881317	-1.54014575481415	-0.777940452098846	0.125385284423828	0.00862853229045868	1.01165819168091	-0.826634645462036	-0.307541638612747	-0.148761585354805	0.957247674465179	-0.62969708442688	-0.63152551651001
Fam17_Clone5_Pass19	1	-0.0252612493932247	0.221971526741982	-0.246067896485329	0.692842960357666	-0.296656012535095	-0.316442340612412	0.72074830532074	0.519572556018829	0.115017421543598	-1.49302637577057	0.172253549098969	-0.612316727638245	0.372105479240418	1.06269729137421	0.270650595426559	0.110430665314198	0.433181136846542	0.502119481563568	-0.616343975067139	0.874617040157318	0.134956702589989
Fam3_Clone2_Pass24	1	0.262052088975906	-0.383339136838913	0.479519695043564	-1.59765875339508	0.132149875164032	1.13023710250855	0.438302040100098	0.774309754371643	1.23883163928986	-1.58701825141907	1.79276704788208	-0.389395177364349	0.480543285608292	0.213032841682434	-0.373224645853043	-0.393110036849976	-0.792145311832428	-0.117369957268238	0.491429030895233	-0.743666350841522	-0.356697380542755
Fam11_Clone2_Pass20	1	-0.0590822845697403	0.0987856835126877	-0.0742218717932701	-0.283319711685181	0.0592539943754673	-0.504164516925812	-0.0321372151374817	-0.819042682647705	0.028928330168128	-1.03589880466461	-0.916680872440338	0.684682488441467	-0.149496197700501	-1.68715476989746	0.610060930252075	0.417189985513687	0.617499649524689	-0.550269067287445	0.131755262613297	-0.116139717400074	0.622569680213928
Fam19_Clone4_Pass20	1	0.281920701265335	0.0770341008901596	-0.435521245002747	0.0753659158945084	-0.231058746576309	-0.431560009717941	0.0078068021684885	-0.604741275310516	0.758275210857391	-0.301163524389267	-1.31255865097046	-0.809629678726196	-0.421918541193008	-0.40485554933548	-0.619008898735046	0.814518213272095	0.0476749055087566	-0.779920697212219	-0.153578892350197	-0.510068297386169	0.465533286333084
Fam31_Clone1_Pass30	1	0.00456320680677891	-0.279590159654617	0.324782699346542	-1.02530539035797	0.318096697330475	0.454339653253555	1.13294398784637	-2.58067750930786	-0.74062705039978	0.94248354434967	-0.606817662715912	0.300965338945389	-0.0862925499677658	-0.143076941370964	-0.197889372706413	0.415008217096329	0.414826393127441	-0.604575574398041	0.146559745073318	0.154799342155457	-0.0678732618689537
Fam79_Clone5_Pass21	1	-0.0108229629695416	-0.148687571287155	0.121104799211025	0.0791010335087776	-0.626136362552643	-0.0684994459152222	-0.639014899730682	0.307886362075806	-0.307446539402008	-0.274886131286621	-0.365375876426697	-0.403139263391495	0.191404044628143	-1.25612258911133	0.321644634008408	0.772932350635529	0.00600011320784688	-0.965786755084991	0.49824321269989	0.352618783712387	-0.53527170419693
Fam23_Clone11_Pass21	1	-0.26250222325325	0.161521270871162	0.0802274867892265	0.0736271664500237	0.99195408821106	0.0897960066795349	0.126317963004112	0.34109890460968	0.368551224470139	-0.397881209850311	0.81102842092514	-0.10047148168087	-0.48501455783844	-0.790754914283752	-1.27055847644806	1.16431295871735	0.120401158928871	-0.841201305389404	0.288772076368332	0.14401687681675	0.402197331190109
Fam12_Clone4_Pass22	1	-0.119567967951298	0.325516700744629	0.224757954478264	1.33199334144592	-0.219514414668083	0.4928238093853	-0.437751084566116	0.693520247936249	1.21405875682831	-1.01580905914307	0.166417881846428	1.06036686897278	0.886452078819275	0.472395092248917	1.43960297107697	0.714134216308594	-0.0952835604548454	0.828186273574829	-0.513242185115814	-0.296796441078186	0.375287234783173
Fam104_Clone1_Pass20	1	-0.264105021953583	-0.339260250329971	-0.313210040330887	-2.190349817276	-2.19010376930237	-0.225970104336739	-0.319958359003067	0.264490485191345	-0.546559929847717	0.308503031730652	0.138470157980919	0.440924257040024	0.000152530090417713	0.891322433948517	-0.448521763086319	-0.748079299926758	0.278813451528549	0.503240704536438	0.38947406411171	-0.115820400416851	-0.329429417848587
Fam67_Clone5_Pass26	1	0.0833400338888168	-0.430516809225082	-0.107027858495712	1.21990275382996	1.42929399013519	1.02250456809998	-1.79549884796143	0.790175437927246	1.43955612182617	0.638511717319489	-2.46428442001343	-1.11526191234589	-1.0548015832901	0.487232595682144	0.229238852858543	0.0537508465349674	-0.843907952308655	-0.0641859099268913	1.14488458633423	-0.13596773147583	0.213452979922295
Fam106_Clone2_Pass19	1	-0.124519690871239	-0.335605293512344	-0.290098398923874	0.486540853977203	-2.0664050579071	0.980508387088776	-0.812638521194458	0.0502808652818203	-0.324373155832291	1.15397036075592	1.74056375026703	0.967058777809143	0.115620724856853	0.58925861120224	-0.582091093063355	-0.817715585231781	-0.363925993442535	-0.934299290180206	-0.396269649267197	-0.483674496412277	-0.533428847789764
Fam83_Clone6_Pass33	1	0.0543172024190426	-0.119471423327923	0.200700625777245	0.642694771289825	-1.45935952663422	-0.405509471893311	0.112281680107117	-1.79090118408203	1.70831453800201	0.575230777263641	-0.897192776203156	-0.285581231117249	0.140068158507347	-0.232205852866173	0.261400312185288	0.0873703211545944	-1.1097377538681	0.343827426433563	0.736243665218353	0.397886008024216	0.64091831445694
Fam2_Clone2_Pass33	1	0.136043399572372	0.162641152739525	-0.948816359043121	0.0332129262387753	0.981139540672302	-1.79059755802155	0.239020854234695	-1.08887124061584	-0.634704887866974	-0.163140624761581	-0.150243535637856	1.47971379756928	1.68950092792511	0.655849874019623	0.671574413776398	-0.739128947257996	0.981224656105042	0.129824548959732	-0.0343594700098038	-0.0262458324432373	0.168626174330711
Fam3_Clone2_Pass21	1	-0.0601822733879089	-0.266265630722046	-0.343801885843277	-0.407185941934586	-1.12213623523712	-0.694375157356262	-0.13562422990799	0.536455035209656	0.734277069568634	-0.793067157268524	-0.178205952048302	0.819124221801758	0.35750886797905	0.493211150169373	-0.417801141738892	-0.12017960101366	-0.687885105609894	1.2228068113327	-0.0123481890186667	-0.236927211284637	0.183172732591629
Fam22_Clone5_Pass23	1	0.157424986362457	0.663327097892761	1.04399001598358	-0.450254321098328	0.0812400579452515	1.05701243877411	-0.80985414981842	0.847974240779877	-1.75781691074371	0.789440333843231	-0.743868708610535	0.367541462182999	-0.528716802597046	-0.901745915412903	0.588901162147522	0.225220233201981	0.0582203045487404	-0.565229058265686	1.20980310440063	0.870133101940155	-1.00977981090546
Fam1_Clone5_Pass19	1	-0.181090354919434	0.306278467178345	-0.666349172592163	-0.650417447090149	-0.585304319858551	0.901706218719482	0.891493499279022	0.449790686368942	-0.98055773973465	0.504831671714783	1.14292585849762	-0.203616082668304	-0.339961916208267	-0.301263689994812	0.0688140019774437	0.282206594944	-0.159266799688339	-0.25235590338707	0.540383517742157	0.422899395227432	0.424086660146713
Fam30_Clone3_Pass24	1	-0.246789440512657	-0.184456929564476	0.693628072738648	0.558061480522156	0.129836231470108	-0.941371619701385	0.0427752584218979	-0.0643355473876	-1.21158027648926	-1.25341033935547	-0.0157670620828867	0.766598522663117	-0.499756067991257	-1.24751257896423	-0.195542186498642	-0.40412375330925	-0.984828472137451	0.179022282361984	-0.965165615081787	-0.406456291675568	-0.308993220329285
Fam70_Clone6_Pass22	1	-0.232363075017929	0.324183791875839	0.824710786342621	0.36447075009346	0.242042869329453	-0.42473641037941	0.937804102897644	0.720197021961212	-0.11570880562067	0.2369574457407	-0.544559299945831	0.983049333095551	-0.0680941268801689	-0.185136407613754	0.204081431031227	-0.827214598655701	1.04075825214386	0.273877710103989	-0.00201370217837393	-0.95121169090271	-0.452183932065964
Fam103_Clone4_Pass21	1	0.00381085532717407	-0.130848929286003	0.378369688987732	0.82911628484726	1.00605010986328	-1.11774933338165	0.321562469005585	-0.421139001846314	0.423475831747055	-0.661376655101776	0.801734149456024	0.297306478023529	0.141649916768074	-0.504151403903961	-0.972513616085052	1.81430900096893	-1.29171502590179	-0.119557984173298	1.75264024734497	0.0222772117704153	-0.0615446381270886
Fam51_Clone4_Pass23	1	-0.0393859781324863	0.0501653701066971	0.479077816009522	0.662441968917847	-1.02579653263092	-1.32094991207123	1.47841465473175	-0.164681032299995	0.254716813564301	1.63266003131866	0.661231398582459	-0.376110762357712	-0.132292777299881	-0.495733797550201	-0.522375404834747	0.377751499414444	-0.0479761399328709	-0.758037805557251	0.533674597740173	-0.586752772331238	0.0987241566181183
Fam19_Clone7_Pass39	1	-0.263917148113251	0.294509947299957	-0.0892284736037254	-0.62473851442337	1.12836158275604	-1.80367863178253	-1.39184141159058	-1.00750589370728	-0.251938283443451	-1.44763803482056	1.12916219234467	-0.00564527418464422	-0.657971978187561	-1.59229588508606	-0.493369936943054	-1.388139128685	-0.224705010652542	0.922785997390747	-0.281894624233246	-0.0699449330568314	-0.254741191864014
Fam18_Clone4_Pass23	1	-0.163046762347221	0.281870573759079	0.245043873786926	-0.0452633276581764	0.472459346055985	0.641585230827332	1.345831990242	0.39548471570015	-1.14556264877319	-0.216365039348602	-0.679777204990387	-1.00893461704254	1.90869808197021	-0.766521215438843	-0.227641835808754	-0.166820093989372	0.224947839975357	0.902566134929657	0.0953919589519501	0.845124244689941	-0.0863744840025902
Fam93_Clone1_Pass19	1	0.0803131833672524	-0.809351444244385	0.0687348544597626	-1.75000405311584	1.26302146911621	-0.666856288909912	1.93382573127747	2.2692174911499	-0.672774195671082	0.240363508462906	0.880205273628235	-0.59928685426712	0.688501179218292	0.531301975250244	0.514476358890533	-0.00966945569962263	-0.132670626044273	0.582774639129639	1.16058564186096	0.0200765822082758	0.520162642002106
Fam1_Clone2_Pass21	1	0.324858069419861	0.432736456394196	0.141767367720604	0.117332756519318	0.23288406431675	-0.596731722354889	-2.05609631538391	-0.0884256362915039	-0.242172285914421	-0.0237458553165197	0.195150285959244	-0.159045860171318	-0.364428907632828	1.29960119724274	0.240103900432587	1.06533074378967	-0.355010688304901	0.308192104101181	0.397375613451004	0.242543503642082	0.243472531437874
Fam58_Clone6_Pass23	1	-0.278174757957459	0.329737633466721	-0.456709533929825	0.230544805526733	0.215314522385597	1.38029539585114	-0.582823097705841	1.00576019287109	1.64128494262695	-0.891843616962433	0.513037085533142	-0.421538263559341	0.579918265342712	0.0529518872499466	-0.378746867179871	-1.13184583187103	1.05081427097321	1.00545394420624	0.126343756914139	-0.0990354344248772	0.470104247331619
Fam62_Clone3_Pass23	1	-0.235282614827156	0.211126625537872	-0.0888280868530273	-0.00451813731342554	-0.459021836519241	0.0160269234329462	2.03949761390686	0.134135499596596	0.53006637096405	-0.0670027807354927	0.3836350440979	-0.767266273498535	-0.0562895610928536	-0.0808722153306007	-0.800013482570648	0.684208154678345	0.642095863819122	-0.508395373821259	-0.664692938327789	0.248476088047028	-0.316555559635162
Fam18_Clone5_Pass21	1	0.0369898043572903	-0.210235446691513	-0.54338401556015	1.07228946685791	-0.766103804111481	0.889077007770538	0.277317106723785	-1.76539433002472	-1.0209778547287	-0.303830176591873	-0.132893964648247	0.698068737983704	-0.0991368442773819	-0.0838171392679215	0.429887413978577	-0.654293775558472	-0.113900929689407	0.286390125751495	0.413431137800217	0.0114625776186585	0.167880237102509
Fam2_Clone5_Pass27	1	-0.107564620673656	-0.18730740249157	0.319487780332565	-0.388609141111374	-1.50825643539429	0.0513080693781376	1.11020684242249	-2.01520490646362	-0.162978529930115	-0.543062388896942	-1.03279447555542	0.388864129781723	0.847822725772858	0.21727891266346	0.978646278381348	-0.145675271749496	-0.164054647088051	0.127027824521065	0.540074706077576	0.934901773929596	0.146480783820152
Fam7_Clone3_Pass23	1	-0.267299026250839	-0.0743684470653534	1.15398275852203	-0.29552635550499	-0.167358949780464	0.650479078292847	1.39825534820557	0.99829763174057	0.601335883140564	0.0779769495129585	-1.00563955307007	0.517234444618225	0.0554664768278599	0.12394504994154	-0.383331835269928	0.105458252131939	-0.993190586566925	-0.23924745619297	-0.569145381450653	-0.145280882716179	-0.187841132283211
Fam1_Clone1_Pass19	1	0.228055357933044	-0.017103536054492	-0.0678333640098572	-0.14961239695549	0.584696531295776	0.54533576965332	-1.80912101268768	0.914098262786865	2.16688752174377	-0.223412692546844	-0.672162771224976	0.152194738388062	0.421042948961258	-0.81093567609787	0.408788114786148	-0.560564696788788	-0.629006803035736	-0.502671182155609	-0.287496209144592	-1.21741926670074	0.141834691166878
Fam69_Clone1_Pass30	1	-0.156936064362526	-0.459820091724396	0.0566204488277435	1.63005566596985	1.99524581432343	3.83070111274719	-1.19277095794678	-1.62844049930573	-0.557524740695953	0.26372954249382	0.787854194641113	-0.29186224937439	1.57536292076111	1.46066427230835	-0.287492334842682	1.00075769424438	-0.108791202306747	-0.966397821903229	-1.13819289207459	0.866987705230713	-0.246186345815659
Fam5_Clone6_Pass21	1	-0.151309311389923	0.0971963629126549	-2.70510220527649	-1.13918602466583	1.14739644527435	1.23356676101685	1.11405634880066	-0.385385185480118	-0.86930376291275	0.10753045976162	-0.0541306883096695	0.476199120283127	-1.69361841678619	1.9954172372818	-2.0287139415741	0.931661427021027	0.159756273031235	-1.26138556003571	-0.954835414886475	-0.449983507394791	-0.0172194167971611
Fam3_Clone6_Pass20	1	-0.140459015965462	-0.0778805240988731	-0.206489965319633	-0.785386741161346	-2.01498651504517	-0.281313478946686	-0.683213174343109	-0.532932460308075	-0.221123680472374	-0.691476345062256	-0.683948159217835	0.4940285384655	1.35314226150513	-0.223016351461411	0.939555466175079	-0.28207528591156	-0.261378437280655	-0.296396911144257	-0.799201786518097	-1.16631519794464	-0.0449943244457245
Fam101_Clone3_Pass26	1	-0.107840612530708	-0.00176208070479333	-0.521261870861054	1.19131326675415	-0.378304451704025	0.191501393914223	1.15824139118195	0.577920794487	0.177189618349075	0.1642195135355	-0.0143934125080705	1.11736083030701	-1.12194013595581	-0.451032310724258	0.0408383123576641	-0.441315293312073	0.110656663775444	0.465335726737976	0.181678116321564	-0.776090919971466	0.281169891357422
Fam53_Clone5_Pass20	1	-0.251219928264618	0.195283800363541	0.510518908500671	0.689113736152649	0.041577011346817	-1.39579927921295	1.01466572284698	0.35029673576355	1.18248772621155	0.331411629915237	1.61677980422974	-2.42084383964539	-0.060758076608181	0.949547588825226	-1.95516407489777	0.0677867010235786	0.8257856965065	-1.13721597194672	-0.103718034923077	-0.364186108112335	-0.233049765229225
Fam29_Clone4_Pass27	1	0.00419954722747207	-0.0523713752627373	-1.26639425754547	0.803253352642059	-0.796570301055908	-0.926001846790314	0.346313655376434	-0.465532839298248	-0.221997871994972	-0.75854879617691	-1.63292348384857	-1.10595738887787	-0.158452972769737	0.011207077652216	0.700184404850006	-0.767983138561249	0.584120035171509	-0.339147597551346	0.637704133987427	-0.241241112351418	0.499999076128006
Fam59_Clone5_Pass26	1	0.0954084396362305	-0.350886583328247	0.309936910867691	2.23574709892273	-0.435132145881653	-0.140894785523415	-0.262482881546021	-1.29922366142273	-0.380386382341385	-0.319055318832397	0.612175107002258	0.90293824672699	-0.713949859142304	0.07030189037323	-0.160296648740768	-0.187429025769234	1.10014033317566	0.17758896946907	-0.272884100675583	0.528052091598511	0.0708455666899681
Fam86_Clone5_Pass23	1	-0.176310777664185	-0.186229363083839	-0.0152841312810779	-1.03077256679535	-1.66584241390228	0.654422223567963	-0.571386635303497	-1.10369694232941	-0.804116427898407	-1.07922041416168	0.81671279668808	0.586929380893707	1.04367589950562	-0.276173382997513	0.305092751979828	0.123301677405834	0.217119008302689	0.0473804026842117	0.324997872114182	0.32551497220993	-0.258626073598862
Fam102_Clone1_Pass21	1	0.273672997951508	0.0203064549714327	0.467394322156906	-0.453739136457443	-1.22130966186523	-0.126501649618149	-1.98095214366913	0.245021045207977	-0.22338992357254	0.337756842374802	1.51505219936371	-0.954738080501556	-0.592471241950989	1.04332435131073	-0.64768785238266	-0.430598974227905	-1.07609939575195	-0.219497784972191	-0.254849880933762	-0.718826234340668	0.614186227321625
Fam7_Clone1_Pass22	1	-0.292496889829636	-0.026152366772294	-0.192061901092529	0.31329932808876	-0.896529912948608	-0.552093923091888	-0.836037337779999	1.00743854045868	1.19613206386566	1.08127450942993	0.226245909929276	0.953274488449097	0.845402240753174	0.372844398021698	-0.112430140376091	0.141960591077805	-0.69784677028656	0.474712252616882	-0.752804040908814	0.343563258647919	0.404909759759903
Fam120_Clone4_Pass19	1	-0.0181415714323521	0.0672085881233215	-0.046978946775198	1.29544246196747	-0.198777362704277	0.547382175922394	-1.78248083591461	-0.15161320567131	0.722296416759491	1.64918577671051	0.0585943982005119	0.680258631706238	0.582703948020935	-0.458509981632233	-0.361192435026169	-0.948718130588531	1.30642318725586	-0.318310141563416	1.00714325904846	-0.0581547990441322	-0.476981043815613
Fam120_Clone4_Pass23	1	0.129437237977982	-0.0760645493865013	0.649055600166321	1.2935163974762	-0.0753346979618073	1.10867714881897	-0.138170585036278	0.0786484256386757	-2.27254223823547	2.13987398147583	0.189062669873238	0.761890292167664	-1.02505040168762	-1.11760580539703	-0.186178937554359	-1.38515317440033	0.923723518848419	-0.930224657058716	-0.0926254838705063	-1.01620316505432	-0.121625192463398
Fam60_Clone2_Pass19	1	-0.129404678940773	0.209711253643036	0.110567420721054	0.881295025348663	1.2813013792038	-0.373356968164444	-0.570347249507904	0.313595294952393	-0.251713216304779	-0.564274311065674	0.271316885948181	0.495073705911636	-0.267800182104111	0.967566967010498	1.18462991714478	-0.50874650478363	0.461230933666229	-0.0742576941847801	0.20092137157917	0.461778908967972	0.645707249641419
Fam29_Clone5_Pass22	1	0.345290720462799	0.416768193244934	-0.375578194856644	0.0343549810349941	0.60557895898819	0.00562303140759468	-0.34794282913208	-0.0447891242802143	-0.801128327846527	1.05028533935547	-1.04509031772614	0.715219497680664	2.83002424240112	1.58789324760437	-0.783208250999451	-1.77523326873779	0.302308946847916	-0.804383873939514	-0.768378257751465	0.0775216221809387	0.412954688072205
Fam85_Clone6_Pass19	1	0.302829891443253	-0.169072479009628	-0.798784375190735	-1.22063040733337	0.18377497792244	1.16573059558868	0.00905560422688723	-0.613202691078186	1.6704421043396	-0.341863065958023	0.827303230762482	0.0306023620069027	-0.975560486316681	-0.00597551558166742	1.3130851984024	-0.667272329330444	-0.279778122901917	0.16582153737545	0.114888086915016	0.865900337696075	-0.084709957242012
Fam35_Clone6_Pass20	1	0.460261523723602	-0.00367543916217983	0.760807037353516	-0.491110414266586	0.0127827124670148	1.04302716255188	0.840346157550812	-1.15891993045807	0.545543789863586	-1.03945446014404	0.595405399799347	0.14421409368515	-2.03473424911499	-0.859109699726105	-0.349237143993378	-0.497015237808228	0.659667015075684	1.33012557029724	-0.38298973441124	0.970571935176849	0.325188010931015
Fam8_Clone6_Pass29	1	-0.110717795789242	-0.426024198532105	0.970772683620453	-0.102209009230137	-0.336186140775681	0.324490815401077	-2.13165497779846	0.383322447538376	0.161849826574326	-0.388134807348251	0.936798453330994	0.419390380382538	-0.00170422962401062	1.08355116844177	-1.28005266189575	-0.270097017288208	0.397639632225037	0.0261060539633036	0.125725761055946	-0.024719724431634	-0.880565702915192
Fam9_Clone2_Pass26	1	0.163490891456604	-0.0647783204913139	0.0461238212883472	1.71850955486298	-0.987504780292511	0.0909486934542656	1.16805386543274	-0.381856292486191	0.841928362846375	3.44205856323242	-0.331554174423218	-1.16619110107422	0.0247575864195824	-0.114563405513763	1.0899121761322	2.22095394134521	1.31294870376587	1.84755456447601	-2.27694201469421	0.179171517491341	-0.484036386013031
Fam33_Clone4_Pass19	1	0.0962285771965981	-0.208249986171722	-0.271407008171082	0.0856472030282021	0.318088173866272	-1.1949098110199	-0.756729483604431	1.14744186401367	-0.251668840646744	0.366366982460022	1.1106550693512	0.0634170323610306	0.51532655954361	-2.07125353813171	0.991484880447388	0.245998322963715	0.257715612649918	-0.821016609668732	-0.722516119480133	0.122143805027008	-0.180722743272781
Fam2_Clone5_Pass24	1	-0.0625453963875771	0.152509391307831	0.861430644989014	-0.432851165533066	0.0481030568480492	0.134298726916313	1.16164922714233	-0.0732581242918968	-0.486025094985962	-0.754751861095429	-0.280298471450806	2.074951171875	-0.913547039031982	0.756853342056274	1.33959519863129	0.714491724967957	-0.25259730219841	-0.293072015047073	-1.39207327365875	-1.23525965213776	0.374057620763779
Fam13_Clone2_Pass25	1	-0.0293700322508812	0.105910539627075	-0.341733783483505	0.912472605705261	0.198965311050415	1.63616228103638	0.735748648643494	-0.138243213295937	-0.0594553127884865	0.013685098849237	-0.222891420125961	0.824124217033386	-0.402729988098145	0.0150543991476297	-0.0668472126126289	0.11325566470623	0.408724904060364	-0.113161981105804	0.900795817375183	-0.864863634109497	-0.0649484246969223
Fam2_Clone2_Pass43	1	-0.162101805210114	0.297236770391464	-0.171950533986092	0.205920144915581	0.666774213314056	-2.09208083152771	-1.43654942512512	-2.19279336929321	-0.33038604259491	-0.519749104976654	1.71116399765015	-0.0571646466851234	-0.781212329864502	1.65580904483795	0.934522807598114	-0.0701935291290283	-0.448767364025116	-0.743033230304718	-0.49572765827179	-0.162085667252541	0.554694712162018
Fam13_Clone5_Pass24	1	0.0893011018633843	-0.11408443748951	-0.571103751659393	0.199872255325317	0.0561021938920021	2.1157705783844	-1.02469480037689	0.39547199010849	0.0769066736102104	-0.470809578895569	-0.616684317588806	-1.03110802173615	-1.08883106708527	-0.903303742408752	1.12872660160065	1.18008637428284	0.985323011875153	-0.414352774620056	-0.283016681671143	-1.04301381111145	0.0820463076233864
Fam42_Clone4_Pass20	1	0.054176077246666	0.017046544700861	0.559033572673798	1.58561205863953	-0.527280271053314	-0.571551263332367	0.348273068666458	-1.22927260398865	0.703575849533081	-1.6306174993515	-0.378528952598572	-0.132752195000649	-0.058286938816309	0.375380277633667	0.23715740442276	0.482538521289825	1.14325773715973	-0.290202736854553	0.808720469474793	-0.140557542443275	-0.465575784444809
Fam94_Clone3_Pass21	1	0.514652073383331	-0.0103570083156228	0.858137488365173	0.139250993728638	1.16028594970703	0.389338493347168	0.455527693033218	-0.680249691009522	0.45502319931984	-0.0443948358297348	0.626123189926148	-0.395012706518173	-0.83378940820694	-0.324099242687225	-0.782274663448334	-0.665506482124329	-0.0507149733603001	0.324461281299591	-0.151717707514763	0.249545454978943	-0.0639469772577286
Fam77_Clone2_Pass21	1	-0.0837271213531494	-0.466877222061157	-0.0223312526941299	0.637094974517822	-0.819929659366608	-0.691331923007965	-1.33833622932434	0.299778908491135	0.487438708543778	1.68830585479736	0.33899399638176	0.0431196950376034	-0.18602366745472	-0.240136042237282	0.352657526731491	-0.266009002923965	-1.14687657356262	0.20495679974556	0.167155712842941	0.00124117312952876	0.261016875505447
Fam117_Clone3_Pass19	1	-0.270341783761978	-0.0315046347677708	0.0443634726107121	-1.60139691829681	0.97908353805542	-0.832690536975861	-1.41313815116882	-1.46761584281921	1.62902498245239	0.486379861831665	-2.78740239143372	-1.94705522060394	1.25078666210175	-0.44760462641716	-1.29227721691132	-0.375578761100769	0.0986692830920219	-0.161418661475182	-0.525165915489197	0.0878644734621048	-0.475048661231995
Fam16_Clone1_Pass33	1	-0.325898230075836	-0.014861729927361	0.476074039936066	-0.767427206039429	2.80586075782776	-1.21464908123016	-0.512900948524475	-1.10213601589203	-1.92808628082275	1.59963870048523	-0.523095190525055	-2.19990754127502	-1.95011222362518	0.814765512943268	1.64486944675446	-0.0628957077860832	-1.28736019134521	1.94271004199982	-1.17775702476501	-1.18178474903107	-0.813300311565399
Fam96_Clone5_Pass19	1	-0.251289039850235	0.154404520988464	-0.499904662370682	0.231113985180855	0.0791810601949692	-0.097973495721817	-0.929429113864899	0.520172119140625	0.437802523374558	0.566563248634338	0.842153131961823	0.255176573991776	-0.752681732177734	-0.757883131504059	-0.315056890249252	-0.317946553230286	0.472837150096893	-0.129215329885483	0.593954563140869	-0.19261746108532	1.06764733791351
Fam110_Clone6_Pass22	1	0.158107414841652	0.108446046710014	-0.100471921265125	-0.468083173036575	-1.25601255893707	-0.912190496921539	0.704434216022492	-0.448633581399918	-0.125472828745842	-0.0352543219923973	-0.56468665599823	-0.467974990606308	0.524190962314606	1.05385482311249	-1.04612100124359	1.18012821674347	-0.536950290203095	0.0472231358289719	0.178458735346794	0.310106009244919	0.18059179186821
Fam75_Clone3_Pass20	1	-0.321619004011154	-0.0461283512413502	1.16441178321838	0.171128392219543	0.432135134935379	-0.0126365842297673	-0.0101892305538058	0.60039347410202	0.833511769771576	-0.228280022740364	0.0925488770008087	0.097676157951355	-0.925369739532471	1.54315674304962	1.25333762168884	-1.76834714412689	0.0214069187641144	-0.918922185897827	-0.727925539016724	0.783300817012787	0.509373605251312
Fam55_Clone6_Pass28	1	-0.359769999980927	0.151107177138329	0.399706870317459	-0.37010657787323	-0.221952006220818	0.22016142308712	0.649984478950501	0.0354886204004288	1.4922126531601	1.07410681247711	0.379223018884659	0.0505581088364124	-0.471137672662735	0.618008375167847	-0.660766541957855	-0.507980406284332	-0.86040860414505	0.156004160642624	0.0524862334132195	1.43032944202423	-0.0469757206737995
Fam13_Clone4_Pass22	1	0.0341677628457546	-0.237627550959587	-0.684610843658447	0.522044062614441	1.48059010505676	1.8163400888443	0.815997779369354	-1.04162013530731	-1.46252679824829	-0.592011988162994	-0.0262296069413424	1.1064612865448	-1.24415528774261	0.665305852890015	-0.872408032417297	-0.223324656486511	-0.345252484083176	0.311319053173065	0.622086882591248	-1.03485560417175	-0.0404826961457729
Fam105_Clone3_Pass23	1	-0.109602481126785	0.142823949456215	0.569879293441773	0.789104878902435	0.0807666480541229	1.4214289188385	1.40513038635254	-0.20306208729744	-0.844136774539948	-1.51034832000732	1.02601730823517	-1.68719446659088	1.56388890743256	-0.0716700106859207	0.312013745307922	0.377605557441711	-0.339755237102509	-0.130047425627708	0.283139407634735	-0.383246183395386	0.367212176322937
Fam100_Clone1_Pass23	1	-0.141027823090553	-0.354429006576538	0.670826137065888	1.28674340248108	0.121021613478661	-0.385536879301071	-0.652949452400208	-0.870779395103455	-1.03057146072388	-0.84058803319931	-0.865340173244476	-0.121285192668438	0.396056681871414	-0.282633870840073	-0.047101866453886	-0.557605981826782	0.401611775159836	0.644102692604065	0.408718585968018	0.837677717208862	-0.0893327668309212
Fam107_Clone2_Pass19	1	-0.160170763731003	0.13522781431675	-0.0705760195851326	0.279121220111847	-0.924594223499298	-0.173024564981461	0.940317809581757	0.618838906288147	0.638485133647919	-0.161921590566635	-0.248149827122688	0.161533430218697	-0.555205523967743	0.282020300626755	-0.75033974647522	-0.699882984161377	-0.643070161342621	-0.717499971389771	-0.271175086498261	0.203823760151863	-0.801752388477325
Fam54_Clone3_Pass25	1	-0.208328738808632	0.317401081323624	0.734944701194763	-0.433228194713593	1.1623272895813	1.65647745132446	-0.0554172433912754	0.123252876102924	-1.0572909116745	-0.119028121232986	-0.0355985313653946	-2.18489217758179	1.49488592147827	-1.23706674575806	-0.215457946062088	-0.698283910751343	-0.700414538383484	-0.106011986732483	-0.340943813323975	-0.916974782943726	1.56714105606079
Fam31_Clone5_Pass27	1	0.117121443152428	-0.373585075139999	-0.645527362823486	-1.2438417673111	0.986195623874664	-0.563620567321777	0.867486596107483	-2.47802925109863	1.18834173679352	1.69074845314026	0.761625230312347	0.638938248157501	0.936379432678223	-0.882585525512695	0.336450845003128	-0.438794940710068	-0.0121473455801606	0.150527089834213	-0.147098928689957	0.524859368801117	-0.160741865634918
Fam37_Clone3_Pass19	1	0.390188217163086	0.0927282571792603	-0.15662382543087	-1.16263091564178	-1.59444451332092	0.271663457155228	-0.640833556652069	-0.434602856636047	0.491550862789154	-0.309179425239563	0.178169831633568	-0.347883075475693	-2.0499382019043	-1.25766551494598	-1.14351522922516	-0.918676972389221	-0.357111215591431	0.676738560199738	-0.689357757568359	-0.437633752822876	0.089287132024765
Fam92_Clone6_Pass19	1	0.176942318677902	-0.36060157418251	1.02570748329163	-0.79107803106308	1.12002313137054	0.29697573184967	1.00919985771179	0.343192398548126	1.27119648456573	-0.806574523448944	0.310423105955124	0.917853355407715	0.0995998382568359	0.763494253158569	1.68573153018951	-0.111557938158512	0.984200775623322	-1.02794849872589	0.788392007350922	0.121583826839924	-0.595635890960693
Fam20_Clone3_Pass20	1	0.13041090965271	0.0457035042345524	0.136492475867271	0.188723802566528	0.012262012809515	-0.764293015003204	-0.345346927642822	0.33487743139267	1.64603447914124	0.0874142721295357	-0.874630570411682	-0.140172123908997	0.0819949954748154	-0.146675869822502	-1.40181291103363	0.876779794692993	-0.390894800424576	-0.419519335031509	0.791561901569367	-0.176151126623154	-0.0323514863848686
Fam115_Clone1_Pass24	1	-0.176022678613663	-0.669900834560394	0.399124801158905	-2.19259238243103	-0.326246023178101	-0.451268494129181	-1.85180938243866	0.656880140304565	-0.995983839035034	0.602026998996735	-0.354229748249054	0.131131067872047	0.546467483043671	1.46745717525482	-0.928974092006683	1.15428197383881	3.58902883529663	2.41094660758972	0.770528614521027	-0.654373705387116	0.576941609382629
Fam20_Clone2_Pass20	1	0.117908030748367	0.19892592728138	-0.137841045856476	-0.197242498397827	0.0105740921571851	-1.36046469211578	-0.674622416496277	0.894877552986145	-0.115357428789139	-1.68741142749786	-2.02775931358337	1.16224980354309	-0.694701254367828	0.33909010887146	-0.39009353518486	0.127677842974663	-0.5800901055336	0.478431940078735	-1.27562117576599	-0.408714801073074	-0.718473613262177
Fam4_Clone12_Pass26	1	0.128701165318489	0.524300873279572	-0.854398787021637	-0.327158004045486	0.326300829648972	0.544293761253357	-1.35003364086151	0.464569300413132	-0.950428903102875	1.06071817874908	-0.627418875694275	0.65446275472641	0.139589875936508	0.968936741352081	1.00933170318604	0.326338559389114	-0.666309118270874	1.02629661560059	1.04277944564819	0.56707888841629	-0.16871976852417
Fam11_Clone4_Pass19	1	0.156323060393333	-0.0157954879105091	-0.301233798265457	-0.595211327075958	-0.228556171059608	-0.690953254699707	0.422736525535584	-0.230656862258911	-0.133489072322845	-0.350614041090012	-2.05502462387085	-0.427666485309601	-0.17489567399025	0.456160694360733	0.333598524332047	0.457259327173233	-0.625615298748016	-0.89458030462265	-0.117056891322136	0.257620632648468	0.0397326648235321
Fam73_Clone5_Pass19	1	-0.00508366245776415	0.081807367503643	-0.270640432834625	-0.74489814043045	-1.44487047195435	1.01465058326721	-1.00711464881897	-0.134698688983917	-0.639322996139526	-1.49533534049988	-0.41819378733635	-0.744368612766266	0.736065030097961	-0.637835323810577	0.865768909454346	0.790067672729492	-0.20565864443779	-0.283720880746841	0.192249894142151	-0.227293565869331	-0.491640269756317
Fam4_Clone4_Pass24	1	-0.233581587672234	0.330018669366837	-0.103884041309357	-0.37926784157753	1.15916979312897	0.841668486595154	0.230208441615105	0.678927302360535	1.36714160442352	0.370760083198547	-0.269385159015656	0.523478209972382	-1.05566763877869	1.17304182052612	0.111354075372219	-0.400517284870148	-0.421869874000549	0.517199099063873	0.448503196239471	0.926684379577637	-0.158475130796433
Fam17_Clone13_Pass19	1	-0.138821259140968	0.394205808639526	-0.0688275173306465	-0.717997372150421	0.0968713536858559	-0.0648741647601128	0.709663152694702	-0.4694564640522	-0.190158247947693	0.143534377217293	0.13378232717514	-0.259722590446472	0.191641360521317	-0.464285671710968	-0.15150274336338	1.03717648983002	0.961795747280121	0.688355505466461	0.533145904541016	0.446212083101273	-0.181969448924065
Fam98_Clone1_Pass25	1	-0.316036701202393	-0.0374829173088074	-0.133931279182434	-1.45416736602783	-1.09336233139038	1.31517243385315	0.796116590499878	-0.915882289409637	0.172129571437836	2.03584742546082	0.323676705360413	-0.469401627779007	0.555885076522827	-1.07142162322998	0.43329456448555	0.0356845669448376	-1.31558811664581	0.0265359692275524	-1.00004899501801	-0.150674223899841	0.197809785604477
