	Subject_UUID	Sex	GPC1	GPC2	GPC3	GPC4	GPC5	RNA_UUID	Passage	peer1	peer2	peer3	peer4	peer5	peer6	peer7	peer8	peer9	peer10	peer11	peer12	peer13	peer14	peer15	peer16	peer17	peer18	peer19	peer20	peer21	peer22
1	5eefb852-e78f-4acb-b19e-5220cf41693a	0.753770073566395	0.0278238003190324	0.443906598827505	0.813672180332084	1.17043982237203	-0.542306165161403	916e1337-ed54-4ffc-825c-f0fdd87a350e	-0.892569886770641	-1.17949143322279	0.258915615649776	-0.187414200259735	-0.204276451850924	0.244960560189813	-0.00605242031610616	1.62676414879981	-0.393513122850119	-3.14612002717891	0.25980042948572	-0.455050647104735	-0.170852943746744	-0.639917467862573	0.139929410028091	0.073269582275569	-0.519471450781126	-0.593200248519572	-0.63063718149577	-0.228649525786262	1.44014219017169	1.06384331472684	0.249540587971096
2	3b6632a5-1006-45f8-9865-d38221294831	0.753770073566395	2.6730959295093	0.177722672515402	0.121490707862265	0.815504005377012	-0.060544880541802	7e83acd4-1111-47ee-9163-db0bfb03b6a5	-0.436698870615707	-1.39390108658741	-0.232669160867868	0.925633560256658	-0.71646057471224	0.231065442663042	0.390201677495326	1.56797586012349	1.18287736392265	0.440037057974383	-0.819707652993864	0.577387468598151	0.881724321349192	0.128245881797439	-0.644517924484106	0.151760851746129	2.08974344112405	-1.35917248396836	-0.496862541903243	-0.604465525698491	-1.2268130125997	0.428625120940766	0.117268368402285
3	4dea55b7-22ec-4274-9813-81eaa4f382e0	-1.31426576929525	5.42575601672025	-0.290283814708149	-0.528251168044732	1.49727547639471	0.226355308567999	afc705c1-51ba-4fd8-bb9a-880d5e7f5e9b	-0.892569886770641	0.664351709693005	-1.09313906322052	-0.518866441636852	1.63891833079284	-0.549034345850651	-0.608671083836092	0.00734978938926438	-0.0625360993210488	1.2892323564542	-0.182407906599075	0.646685732112346	-1.22982795731733	-0.35571106312658	0.247552575981241	0.135813225360709	0.105931977924758	-0.418825113908576	-0.653168033059634	0.426044195214938	-0.870155778741368	-0.776996174563735	-0.872651218432887
4	a140d6d1-9fbf-4645-a083-b870bf2f0f67	0.753770073566395	-0.166139826829021	0.599386608749675	0.649094525350248	0.467259783536046	-0.46428080804262	0af70769-a98d-429a-bba3-06c0b02f6311	-0.664634378693174	-0.552284362561737	2.20250078565192	-0.0356649524218008	0.475914126431552	1.33031675430372	-0.00416894274376503	1.76946238053974	-1.40344051369531	1.42047687217708	1.44248222158999	1.25320822058902	0.478140952664841	-0.492304943214836	-0.832122029217438	-1.29457379588929	0.259706926568464	-0.751770229447386	1.365292396607	-1.36214827113852	-0.525591653557273	1.72844541085662	0.36030126877372
5	b846beb8-f53c-4b69-bd2e-901dc53ce8bb	-1.31426576929525	-0.276492432158953	0.62924492719683	0.597459462032945	0.313165579106022	-0.64977060963258	07493f27-f1b4-4ad6-a3fd-a4419ad496f0	2.07059171823643	-2.14682710733636	-1.26157239421845	0.41901161169676	-0.821725911139226	0.907629020611527	-0.00893558252903841	0.656255785652041	-0.0230569082492127	1.55628715378999	-1.59776779509509	-2.05701215611664	-0.731884113980291	-0.47423453042731	0.824325246546027	0.757852668277828	0.383968644151986	3.50663243944955	0.0598418661575694	-0.806981599579619	0.0939140442697978	1.23638498817051	1.21495582113822
6	6740411e-0edd-4097-9880-dbcdceb087ea	0.753770073566395	-0.0431883004032073	0.368019931613559	0.994812275433661	1.98879695800198	-0.705608234184336	3405645b-17d6-4433-b2ad-9b0b08e5e3ea	-0.436698870615707	-1.74553530029713	-1.13885206753522	0.49759460342819	-0.541103667519084	0.109402889164205	0.286841248585562	1.7065476537621	1.04385603616054	0.251295398449467	-0.466187070135795	1.15139951106253	1.29087124104403	0.656442867503646	0.373315186878914	0.151826898114059	0.86642326228224	0.186130363409735	-1.3205840713177	0.0965102977809799	0.8911851706532	0.352540339289092	0.894957790884907
7	f8d3cea0-5f3f-4298-b4a9-145571ba840e	0.753770073566395	-0.344317454026898	-0.0363719896946711	0.570575309230583	-0.225160775182178	0.889117279104241	cfef095f-4787-4566-aefa-6c008e03dfe3	-0.436698870615707	-2.4291504879634	-0.629217163170967	0.481765049012367	1.85934027121458	-0.977591001891755	-0.263900352313988	-1.29533211003394	0.543745206579069	-0.00578003581657903	0.576144776498576	1.37334268275758	-0.0169032417816639	1.27887342973407	-1.20416588999289	0.205288618689413	0.129952024175425	1.15010343209158	0.645097798996507	-0.00578991884650046	0.415808933495577	1.33839504987672	1.57885711658243
8	639f158b-0cf7-47a2-bbd7-7599437df15c	0.753770073566395	-0.271662015770413	-0.699763535192985	0.415617119470291	0.149145130474596	0.921975361153284	c5b63119-a36b-4b3e-ae4a-1e39b8cd17c3	-0.664634378693174	-0.428709550040174	-0.23780326348243	0.417769979901666	0.469819321303791	-0.0828513595496517	-0.0112686355570436	0.594546509561611	-0.268306351069295	1.03934496715806	1.03057051439314	-0.438920121241318	0.956015813144141	-0.398984759444861	-0.171228773743084	-0.52109669677059	0.519088516469887	-1.65101354758867	-0.0226427613126764	1.2413960569681	0.574565486446961	0.859682675966762	0.465885467502911
9	49e6ade9-4681-4533-9665-39362a71f43a	-1.31426576929525	-0.302985025135272	0.72177975854724	0.554609116955153	-0.450028616856233	0.486773069230893	4c2569ca-2335-45c3-8ec7-d63413c38519	-0.436698870615707	-1.35565103394328	-1.54812346874643	2.39984076998436	1.13937865639188	-0.507954972028134	0.259962723204124	0.532870494150503	-0.817724339455153	0.0868556231480716	-1.37169547199392	-0.272368935423873	1.00070057988377	0.683183036055178	-0.304787659788049	0.955601214700444	0.145206036915938	-0.346356087116697	1.02728225908383	-1.24547319461693	-0.646583993271581	0.00189329578796586	0.431854099393011
10	35bdd022-52cd-43e0-a658-3ea802787462	0.753770073566395	-0.178522956127476	0.68035060173281	0.446979756081032	-0.529102856541077	0.4841142120725	bef00d67-00f1-4c79-b6b1-4688632215c6	0.0191721455392263	0.956609306239918	1.22755173346314	0.48974842733841	-1.7311314500087	-0.124026744687101	-0.23721799348117	0.308163076666434	1.2511836179383	0.671916389800575	1.31114647489493	-0.129809434620972	1.06966210015588	0.415830329588132	0.700849545095239	0.335404394507116	-0.900643836287759	1.10350329348072	-0.0292371725438818	-0.44712415903859	0.702871557967594	0.669219657396987	0.620870419645165
11	92516175-d525-442e-bd5a-816a1962d37d	-1.31426576929525	-0.110050558867252	0.664021193474232	0.209064941244194	-0.426740353495235	-1.23424897119409	2de07ae9-4fe8-4a30-8b28-548b58886353	0.702978669771627	0.582502720231495	-0.138899183143525	-1.33873329412733	-0.455995068775157	-0.667875441092175	-0.328929236678534	-0.774950673885208	-0.831137035541568	-0.0956541654145669	0.0811230920950906	-0.901209620868091	-0.93663856191382	1.54398867354286	-1.00761175798867	-0.213327433102444	-0.477603077759592	0.488279748650671	0.427530438646969	0.422384595623591	0.816922716379291	1.23492813231996	1.31676104941121
12	11c5e9cc-f702-4c47-91fd-201346ab5a3c	0.753770073566395	-0.227042911810296	0.674612995930856	0.449139498272646	-0.318268461879364	0.66527626479347	521f88c8-2f51-4821-9f6c-c3c31bc6b40e	-0.436698870615707	-1.31164782466671	0.321464982342653	1.14602754096738	0.196107053229538	-1.12855968797067	0.906751762906932	1.51905375198489	0.605382689685358	0.35650823542278	-0.821248054301847	1.23908053527478	-0.0711199275718568	-0.274744396311045	-0.360927972398225	0.999076438402773	-0.468609488134162	-0.558600696421999	-0.910671718817401	-0.167129729860789	0.838615688625936	0.844128435308466	0.484341110269137
13	7ecf080d-4d17-4023-b024-85a5942d55fe	0.753770073566395	0.279159826655088	0.484643600021382	-1.04927134933536	-0.0906786153968798	-3.8233700073537	1110cac8-de5b-4f34-a788-b5f8840c063a	-0.436698870615707	0.20523614338081	0.282281661589293	0.0621669146427511	-1.65784957573526	1.11132906699909	0.412516727573967	-0.991552650943964	-0.208842004587872	0.177527986583533	0.609467067706067	-0.455562888600251	-0.899010565337495	-0.778614270494558	0.425492063063729	1.85045682120008	1.1921282334433	0.333961514459613	-2.04062802714009	1.19387715487594	0.064076078037044	0.321489615776453	0.52485450336593
14	5f5c5255-f41b-46eb-a9bd-7130515e3efc	0.753770073566395	-0.136426956260342	0.661953833923369	0.498667819206718	-0.47794428839156	-0.850954490204194	b7a8856f-a1eb-43d9-87dd-a4bb52f41b85	-0.664634378693174	1.3204289242895	1.28252157083101	0.185208136172688	2.77388045436118	-0.605832337318435	1.55533729239725	0.511242782778375	-0.227613005167491	0.708089949426256	-0.954889895143055	0.310824290180199	0.918152369794825	0.283268152182856	0.623416453956041	0.651530988965569	-0.508245623152306	0.567515791079054	0.235568062619041	-0.0751312326215522	1.28390447509873	-0.971120188019196	-0.353735493697782
15	a314e30d-7fb4-4f68-860f-1ac1f3bdac07	-1.31426576929525	-0.213829814060202	0.68581954186626	0.431450812224763	-0.579217989514031	0.548325531236409	e0223e6e-9ae2-44e8-802a-b7a2e8beb803	0.0191721455392263	0.604462312987154	-0.75988916135133	0.974604702956631	-0.627303630642524	-0.691830428069766	-1.05538591384314	-0.927390473591104	-1.21262382590125	1.60776975566252	1.22177389574524	0.550929332315822	-0.357672839161055	-1.52487586346004	1.78194206347561	-0.533904197663781	-0.0468224747934954	-0.285186624105622	-0.643301031902678	0.0503207868219771	0.359949326506501	1.32963528292132	1.81580033281543
16	dc7b36c7-6492-4585-a072-10894fac10a0	-1.31426576929525	-0.288161788588998	0.708592372513542	0.444952513410376	-0.489543053325252	0.383852395621417	132a05a7-b4f8-43a7-996a-a92c0f3088a6	-0.892569886770641	0.790773229877796	1.43461485648374	-0.284064338547591	0.515009342482904	-2.56805951516416	0.275428038094738	0.679751748917598	0.000473373163965356	0.431414896908878	-2.18643347880474	0.0761383653927689	-1.39082243296438	1.05445123433679	0.498464659457203	1.66391341432976	0.0812170586607049	-0.337483754817959	0.00508381523593922	-1.13231085333069	1.75532848181328	-1.0174680745013	-0.405980791955025
17	a77d48d0-a1a9-4f2c-ae14-ed6a952163bc	0.753770073566395	-0.164994470365759	0.661808116950621	0.308658206172218	-0.513663040377714	-0.0372717592783203	848e2faa-d9b8-4b20-82c3-32493c71770a	-0.892569886770641	0.596859629222511	-0.510558846354745	-0.3041324424265	0.0959226705206195	-0.893312536426664	0.548619972877012	-0.594083391803779	-1.29006547127136	0.164276390419798	-0.0618577884456263	-0.0497469969330585	-0.274605409679589	0.309919499873071	-1.52473386587607	0.480715872930097	-0.133568136316992	-0.915149224974759	0.247198515239365	-0.98697563685023	-0.282471326561991	-0.937836619983471	-0.935797166258809
18	b7af5d94-4b4a-4130-94ee-fc1f23c5824a	0.753770073566395	-0.210858527003334	-1.96981764260218	-0.714627644214566	-0.216117670318621	-0.320936409962724	f36207ce-6dfd-4716-8fcd-f9c8d71ef921	-0.664634378693174	0.136536209627826	-0.538635315182607	-0.234805405123843	0.0921252113831258	0.221601014327273	0.686918745033834	-0.466039699131889	1.05716057743225	-0.855233203540301	1.73748613906682	-1.68665778732303	-0.0239792847935523	0.263456460204957	0.228563079617178	0.377226117058002	0.4271210498005	-0.250366959932544	0.749435990091616	0.365924012732163	0.38716217129785	-0.541999289498429	0.0277847061712323
19	201da1fb-3779-4344-af69-6e3bf1c58261	0.753770073566395	-0.290933883217472	-1.96311466185577	-0.674743963411021	-0.0486690078534685	-0.234183277070805	8338737d-61fc-4cfb-a5fe-a3e72187de22	-0.892569886770641	-0.818796117615216	0.101662626555955	-0.411610931814292	0.388424552967925	0.422131440405517	0.50672064558226	-0.461984747441143	0.0501483453602085	0.0888462768731479	0.713724570620115	-0.453254279605371	2.02194632773164	-0.527337861622845	-0.89816172953407	-0.145633846323129	0.400292053832312	-1.2388516155055	-0.96185554364747	-0.554801005211462	-0.654580820079608	-0.671449847957019	-0.720823268910443
20	e3c5435b-935b-45a3-847a-fd754cbc7b90	0.753770073566395	-0.202890829867599	0.690910528601645	0.142246757820323	-0.332891676600199	0.657585557007893	6c52b495-22cd-4726-be8b-11ef5018b45d	-0.208763362538241	-0.780924519831784	-0.305449086035478	-0.257399468624891	0.281836548322546	-0.359979343376863	1.2999617684668	-1.04031984144558	-0.441432911005807	0.923027467777236	-0.249549609419831	0.077440481267407	1.60438611039548	-0.74227241661949	-0.365200538257732	-0.069824545737825	0.940397133192446	0.563367259583745	-1.30317401521898	-0.135344602719732	-1.55757304712913	0.0758421135478416	-0.520941671667983
21	c99ef20e-a237-47af-95bc-15550378bbd5	0.753770073566395	-0.260374444828122	0.686575448662391	0.411986632596044	-0.526879885947527	0.272522294438588	bec7835e-c74c-4fe5-8285-ade751acf270	0.247107653616693	0.862987628163479	0.246572332687584	-0.352994336264324	-0.537574187410331	-0.141698072761813	-1.45641633544933	-0.404084844421121	-0.213383134782412	0.689406758811973	-0.106407905774314	-0.908278536930844	0.985139202168136	-0.184813464135369	-1.28144948599549	0.844527174920864	-3.22000299678839	0.533961186231381	-1.32490512447817	0.371674865814439	0.744891928576038	0.0136039037917545	-0.0586409377051588
22	993b2a06-29d5-45bb-acc6-baccc2bdda08	-1.31426576929525	-0.310388343723893	0.671266059213049	0.295506303721934	-0.295373376990694	0.848657821672621	57b37fc3-6ffa-47d0-ad58-faca4753df5b	-0.892569886770641	-0.478082640464378	-0.188218436466382	-1.56268438842743	0.135776935025521	-1.38957967072833	0.0491059697870503	0.308612550466008	-1.42582876572019	-0.0194525166460678	-1.53247102366988	-0.838644230290797	0.513783381582081	-0.960879104531286	-1.81528741125537	-0.897712296540378	-1.84567567609033	-0.90729741704083	0.579848231768496	1.25496548487034	0.0464628333599988	-0.506653819417111	0.0216790454182312
23	fdfddc05-516f-4408-83a3-731309a5bbb9	0.753770073566395	-0.241650356559144	0.642004269623081	0.391290207422417	-0.328067679189706	0.489839606992069	6105f956-51a9-4aa7-82fc-6e4150b3c743	-0.664634378693174	-0.966446497110159	0.0253763855217704	0.38369402124986	-0.629978091801517	-0.189690126355412	0.0371697218041145	0.23951575809762	-0.72765011708278	2.26491910847999	2.1137691992834	-0.166180335775362	1.10610238690599	-0.0927209045900152	0.344161521831988	0.116132860689621	0.185177441778203	1.05462499605518	-1.76071302897338	-0.978309547523705	0.135290454814578	-0.859153590163418	-0.987205313494553
24	c3bb6245-5d1b-4dbc-8b16-b0ca47472e91	0.753770073566395	-0.2620343817314	0.699444078818203	0.328486759483571	-0.528664311321942	0.917541225513448	c4d79976-3673-48cf-af50-dad1dfe548ec	0.247107653616693	1.06498782577015	2.4390544588426	1.21597992730121	1.85929249528785	1.69813139277518	0.936725254408292	2.15295693931945	0.38219522731354	0.421648816949038	-0.782791928831404	0.506114335463186	1.95010517855986	0.870247421039916	0.979066309634201	-0.167172180340022	1.3178298534993	2.79947615305439	2.60165528812364	3.2848116376242	-1.8080848800077	1.29515158677126	1.20655188605972
25	ce67e934-e752-4d69-b212-007c655a7590	0.753770073566395	-0.0796903129062941	0.640005214903194	-0.0937998137710072	-0.287782008024966	-0.77930259398311	fbbf35d8-39e9-49b4-ae1f-8c2a7b389d0b	-0.892569886770641	1.0565499186629	-0.174955833714776	0.0379691636523139	0.759619048108441	1.33735863429947	0.354363008599607	0.15449217297759	1.87898945228797	-2.34171905244404	0.709906764678771	-0.296433534125021	2.10589437445551	-3.25919923741011	-0.800468233644675	0.396796710892685	-1.04951958256815	1.19159947735563	1.01571977304383	-1.54802519054382	-1.03091833903672	-1.31139642334278	-1.23324812551406
26	aaf0f250-d1af-444f-941b-9d165e1bc2b6	-1.31426576929525	-0.221083738327528	-2.01150635777432	-0.639465965955974	-0.0713221367591669	-0.411599865767795	e96a058e-52e4-4612-a527-469003161c75	-0.892569886770641	0.297687263449712	-0.392138393980234	-1.22100822212494	-0.337946443481048	-1.57052485518474	-0.0383778694771137	-0.738808566176047	-1.85258014681629	0.681393805896795	-0.00556964877793229	-0.46968009447597	-0.302310892632437	0.339591523321917	0.771693807855547	-1.23315973424069	0.045329172901644	0.742155978235148	-0.0312798368852973	0.662109982803363	-0.476606763822049	1.21556855694619	0.799316234393455
27	0c0a6edd-427f-4882-acfd-d21456416649	-1.31426576929525	-0.24156735971398	-2.01168395033485	-0.638702768715257	-0.0612053522211748	-0.217251538251217	fb62e8d4-bef1-42ee-9f17-34b23aede431	-0.208763362538241	0.41285463492149	-1.21366213204521	0.104064465369784	-1.1634988931863	-0.814992534275738	0.167358709927538	0.496972047393438	-1.34912893605968	-1.27777855174281	-0.0197423111481255	-0.361559899228819	0.254894318300053	1.66289757796357	1.51382642915825	-1.50218387853116	0.265561356362604	0.218529638956084	-0.107979322399821	0.460402870677096	-0.974106362118977	1.4068952585637	0.864896994697401
28	90e8222f-2a97-4a3c-9517-fbd7626122fd	-1.31426576929525	-0.204235378759254	0.675250507686628	0.452889234715755	-0.516460656430821	0.734946605893455	71505542-1456-4030-92f3-e98de49f3003	0.0191721455392263	-0.362757328990933	0.638789645637842	1.04224313259871	-0.959364635952288	-0.874756154789028	-1.8174393672371	0.524126207549655	1.24005801898246	1.13008388426662	-1.56691306692581	-1.30348826357083	-1.54650746810195	0.534733964501059	-1.68161640296898	0.100819999726037	0.26721230558482	-1.1683002958337	2.05158729740779	1.10092269732619	-0.016871422326136	-0.168633919185733	-1.75589270955268
29	90e8222f-2a97-4a3c-9517-fbd7626122fd	-1.31426576929525	-0.204235378759254	0.675250507686628	0.452889234715755	-0.516460656430821	0.734946605893455	52f904f7-3caa-44e5-9507-0c29a7902558	-0.892569886770641	0.102741231449564	0.0444600085032316	-0.537037026164007	-0.847171186766862	-1.17598713042983	-0.716190200716075	1.261240645598	1.0616495855643	-1.09494358904493	-1.50042613829048	-0.278014458818224	-0.325419959751588	-0.311877211287862	-0.419428917321143	0.8659412475821	-0.478585564899419	0.0312666609916797	2.02160657610055	0.794809599672447	-0.508265968214502	0.205166585954882	-1.94141303997561
30	f0173728-58cb-4d7d-b28d-02355b49b9ed	0.753770073566395	-0.158869303192662	0.703756390480466	0.344190602707504	-0.530206780713385	0.199718822331554	6c5e3260-2dda-46e9-836e-9b3bf340719b	0.247107653616693	-0.524481025612157	0.645207381135991	-0.547548064749694	0.759104890759951	-0.961809032311508	-1.62024902773829	1.6765345308399	0.363059803171127	-0.750482544793216	1.68839821599465	0.440821617532532	-0.20383329448371	-0.947911316948924	-1.04122821373114	-1.93967880450804	2.0908679224893	-1.23446769115924	1.06417421029597	1.50369738064492	-0.618167339945681	0.763643446368664	0.782870933164773
31	5595871f-2997-41d2-b749-6ad518e89bd4	0.753770073566395	-0.160247050822383	0.703642549095506	0.343502930193732	-0.523311035198699	0.198630591240459	afb0409b-1d5c-49d8-bfb4-97070dc5b923	-0.208763362538241	-0.0447167750143268	0.582355982568423	-0.774739639468048	0.146017353618794	0.391050294984362	-2.98637788738772	-0.936914879868768	0.29169075072859	1.02551760111255	0.847496166127632	-0.144143125962917	-0.0699650691920961	1.53036286701215	-0.606167699071939	0.93887573612867	0.0204497503263039	0.349211058488468	-0.81032925351701	1.15579260860038	0.0576595289472674	0.331058682518681	-0.463284368919638
32	bd4643a6-9742-4a25-8029-a967cc2a84c7	-1.31426576929525	-0.263262735039826	0.716247067238213	0.298600167536302	-0.302889134711743	0.50332798773237	11b237bb-560d-41cc-95a9-524c4b5a9abd	0.47504316169416	0.128430380394822	-0.470705790615928	-0.585963870220545	-0.0777247008463381	-0.901753835046996	-1.6797277393463	-0.428524396450663	-0.654874100313753	0.0692394202878462	0.263142070541751	-0.765076406987709	-0.291584862286302	0.297630432876763	-0.184815497166531	0.869189684615923	0.446869856391261	-0.462258461430109	0.593605249539448	1.08713190241365	1.16416722697242	0.047227725753324	-0.468445817647263
33	97f20ecc-a17b-4d10-b689-908f5b9f3ddc	-1.31426576929525	0.172420903963593	-0.279277629610273	-5.48633554246267	3.33700593961656	0.188769106061973	9600433b-4905-4410-8849-12eecc9fc269	2.29852722631389	1.52873342220523	-0.51695390594922	1.14244875450836	-0.185681565945623	2.89318196536258	-0.781179075569094	0.382918458662521	2.8350326803842	1.21571597721348	-0.766581171818246	1.354457260677	0.843687708672092	-0.240302582086694	-1.36460693358524	-4.04230559813001	-0.472598786545075	1.03751753512691	-1.40096001416076	0.0550564975464227	4.63583371670633	1.21385590135875	-0.136654274992831
34	1efcbc5a-723d-4d7d-90d7-82a3f231c5fa	0.753770073566395	0.150141230847793	-0.235031126200867	-5.44196145289386	3.34381095163763	0.00956099662844785	9e5b9f1c-6ea2-4106-8342-dec8132f4c1b	0.930914177849094	-0.774229627019172	-0.0232853286070305	-2.03174840739152	-0.524445685143199	2.01045521179312	-0.212610547281888	-0.883162352132104	-0.328854172458865	-0.663151310220836	-0.0187651643804229	-0.757093484981437	0.470758478660771	-0.94515659621343	1.22452452135856	0.855583604238963	1.3291000418136	-0.436719710476835	1.23489674719655	-0.964101880112214	1.26047807921993	-0.57945643613532	-1.60504634908009
35	8c9ce6f6-06f6-4d70-885a-3c07d3ef8f91	0.753770073566395	-0.274782697148576	0.660314517979953	0.419380105865496	-0.344883620006219	0.629389814282714	be5c4271-80f5-4bc4-bcf7-23794ca13df0	-0.892569886770641	-0.0116629319258667	-0.88425685006129	-0.557768558764279	-0.507945812658815	-0.0585885732976058	0.341453984978434	-0.0185244400814429	-1.11842948332849	0.739546839935299	0.71744697004977	1.33107604523475	1.02677647253874	0.721125713926583	1.10590255384472	-1.07822199737578	0.493526224122295	-0.219427218072128	0.0299218805232688	-0.23915595894405	-1.87436528394661	-0.278005437194106	-0.157143251472545
36	1c858ef3-c305-4c6e-a3ac-594e9b9b98b2	-1.31426576929525	-0.354990848314977	-2.05168325935419	-0.124817951627257	0.505559903415527	0.685122676289133	0f2af67c-a247-448c-9133-1927ed0eaa48	0.0191721455392263	0.357368670310973	-0.926591423784766	-0.283623784526412	0.576942107039515	-0.41227912430199	0.739753533863804	0.827666940149596	0.7686818292165	1.54389198690164	-0.196348808618256	-0.513105559442962	-1.65768872629701	-0.972389039444281	0.288385499532021	1.21923986437585	0.541024444079362	-0.668051098236929	-1.06250063941632	1.27850584873977	-0.734940367008183	-0.818772908155642	-0.906028193842882
37	59ba8d64-a92b-4ae2-bcb4-847de2fdf1dd	-1.31426576929525	-0.323535043997856	-0.688845691009838	0.191793628687329	0.0461323707245176	0.706062191552418	15c4e917-b666-48cf-bef5-7008cb8b6613	-0.892569886770641	0.407330587058326	-1.46141354164587	0.157372140241439	0.735395495654549	0.151548471211043	-0.0466509150717643	-0.389347313987873	-0.0365580246707751	0.554012609477139	0.181104176348911	-0.0581525213090104	0.0139372991924249	-0.844803715955577	0.465393622774791	0.0315760159053087	0.739261070109183	0.346560298307639	0.251901679614368	1.52797364548096	-1.13396690617509	-0.958593921714588	-0.894490837863484
38	7df93333-f21c-4775-8679-c2518e05bce4	-1.31426576929525	-0.199720350382338	-1.94596104197008	-0.574759824896172	-0.0867619529225302	-0.628434783345074	2ecc8367-9908-419c-b88c-c0c10e2323c9	0.0191721455392263	0.681227201097841	-1.26866207648118	0.483562935170869	0.110596885217427	0.267658534231727	-0.90805495546962	-0.184951186643027	-1.01157233795412	1.24118931967204	0.298026409625244	-0.580706619818708	0.608982712216541	-1.64112739959059	1.18179667467708	-0.916004483629946	-1.88460591411574	1.08020731478892	0.370029904969926	0.310279460484336	-1.43311775393682	-0.60566114397723	-1.07990799826616
39	d15cdce3-1f22-4224-8ae3-0ff1b878e111	0.753770073566395	-0.181328249494016	-1.90296087404321	-0.776371095985748	-0.19478017707033	-0.475785197323558	70e3b2b5-4849-44d3-a5b4-5337b63b7005	-0.436698870615707	-0.0217867016725088	0.814339686012496	-0.804702909510205	-0.108962043306852	-1.93329341142427	-1.24376773621592	-1.21296756918342	1.32934032350587	0.602025413188526	0.441426839931305	-0.478601217978803	0.654601450141498	0.803235570799561	0.745434996536622	0.686383361037311	-0.866022450189207	-0.114584004373221	0.0390931166361892	0.248212239203695	0.145845007576758	-0.163788390949	-0.435348875149389
40	fc1dff0a-6a95-42fe-9dc4-362e27330bf9	0.753770073566395	-0.276608627742182	0.673542886912237	0.57496104337429	-0.638890383814355	1.04159956989832	4b92a54f-6ea8-4da2-b076-5062f7305693	-0.664634378693174	-1.36540993552874	-0.157745861535339	-0.761074064209342	0.0162111499285261	-0.11703992948518	0.343781892499839	-0.514078199962453	0.446853357243357	-0.451329986814313	1.01341193487323	-0.187496679604904	0.960587837919523	-1.11903034134136	-1.02877259822611	0.692892369760928	2.17999843610129	-0.209903240041792	0.257324012520238	-0.401377993800939	1.24752555568931	0.25941736167313	0.525777138118498
41	4f2a904d-793c-4db7-b1da-39d1aaeb1d01	0.753770073566395	-0.254232678285992	0.693569863354297	0.619003884140703	-0.503652111582272	0.718121253844713	946ae460-adc1-4356-8c65-2ba41f5c1e3b	3.6661402747787	0.918752615088791	-1.44422590430136	-0.0565547970482809	-0.390619360990932	1.28928468766367	1.32594292692197	0.420310469410411	2.30495837995478	-0.382943645976999	1.83466974909988	0.102761502713743	-2.04285328590591	0.283551987033686	0.332403223151534	0.14200364119565	-1.32097321276305	1.50124133345946	0.158615602533628	-0.375056911675103	-0.0602388417732198	-1.3010889159686	-0.422166694275637
42	f772212a-cd98-40f9-bdcd-e75740c1f6be	0.753770073566395	-0.334308034500131	-0.055942689865814	0.216370964829814	-0.489754764810352	0.935009770863793	139281f0-7e77-4e1b-9e28-9bcaef2944ba	4.57788230708856	0.564624237721921	-1.34946557663811	-0.1850885078014	-0.795338814490627	0.669752568344091	1.35381241224724	-0.265037013374944	2.8187288835713	0.378018036475982	-0.57478751442084	1.88054754419191	0.0490664607604608	1.74116863719938	0.839667413852076	0.114324834886702	0.666526380876177	-2.0620126719601	-0.846417301867274	-0.24813981900659	-1.02404627918311	0.219973509058263	0.462696040019593
43	e932e556-59a6-4f70-9b4c-ef5f69dac3ce	0.753770073566395	-0.32361804084302	-0.717948558026402	0.256153945997431	-0.525730595028413	0.449236405602894	76ad85b8-d6fb-4c29-854e-19b6247ac858	0.930914177849094	0.628916872837314	0.701308574529297	0.620619983496969	0.60960520812089	-1.176324473684	0.597067890827298	-1.98570938029621	0.515043252888579	0.25858342257434	0.755495608177673	-0.693302145691465	1.54900618112195	-0.359523313622281	0.745578840104416	0.247227603291997	-0.493812431945889	-0.361677037061671	-0.623380196594464	-0.0967809543173935	-0.402582116790234	-0.232621317082344	0.227904655637631
44	bd04a8cc-5d63-45bc-a2cc-91b0c7cb6e01	0.753770073566395	-0.274400911660822	-0.737047499498273	0.127704935395191	-0.374734939405317	0.399889998298246	e70dc716-ccdc-4b79-99a0-d0ca08738df8	2.29852722631389	-0.822456226688671	-0.78795712413146	-1.69066861317204	-0.499562831455625	1.28664787139963	0.78235840929854	-0.706822257566845	1.30139286932949	0.149014981802182	-0.771930956235507	-0.953863481885997	0.799084325687672	0.897990221802106	2.02248931557302	0.0886618066206323	-0.569736135949673	-0.428375476396779	0.742295517716165	0.380111358258872	-0.226309151424608	0.124138048742544	-0.114597114205238
45	f549b5fa-a6c0-49fb-8a07-dda4f72ff076	-1.31426576929525	-0.352334949269732	0.692772973659581	0.389660463314634	-0.481210694161674	1.00281306474107	77ed3352-157c-4998-ab52-37f26411c09d	0.247107653616693	0.171119768740965	-0.626324243934824	1.4750397664676	0.10736963835057	0.164179645265865	0.508352635117007	-0.852057199422251	-0.654778312764225	-0.0838130629961004	0.305411791641415	-1.60520203453441	0.00185639420667175	2.32143442882195	-0.533913755123496	-1.57217820670463	1.12665253690808	-1.29268877714003	-0.665974455184043	0.0834221894207315	-0.252793121738365	0.598175418199958	0.0106571858143257
46	b86c786d-f8d8-4e6b-9504-95f8f4c807e0	0.753770073566395	-0.24747673508965	0.681029096387168	0.471783666404355	-0.391066968255887	1.07028339238898	3088ecfa-cbec-4e10-a8a9-b689e9fb3add	-0.892569886770641	-1.31694828021884	0.51631276968891	-2.27771995110459	-1.37353547970604	0.901403705804794	-0.28923774012447	0.516060219614764	-1.79687201677447	-1.16050468548839	-0.661632721801186	0.175221174391229	-0.591600136936968	-0.114317888694689	0.97340052301774	-0.311384114267195	0.0887541908421347	0.228711560615771	-0.0418241668816465	-1.37547345254995	0.462931773958669	-0.320095284636924	-0.280443511308475
47	26a78ad0-744c-4399-853f-4fd0fd2b7c14	0.753770073566395	-0.277322400610592	0.653192600936892	0.373283522524235	-0.303191579690458	0.931030418366503	6bad034f-26cc-4088-9610-a6a20eb5ce34	-0.664634378693174	-0.829612206458957	-0.673853563328838	-0.350827776515175	-0.45545480361389	0.653370538131801	1.38052533444678	0.895897272412886	-0.335291363628126	-0.564631387616997	1.35188474408367	-1.88874866229943	0.808297792169869	1.51020608614754	-0.922825967548623	-1.35431163109441	-0.117924477466471	0.766998247311603	-0.344221311296187	-1.48029105650388	-0.604327701117236	-1.42259041019365	-1.33679545327193
48	64c58f58-a121-413d-8257-294b229dd4c0	0.753770073566395	-0.302636438385584	0.686898758195676	0.291185494343496	-0.303826714145758	1.16011118416962	3e25c541-5347-46fd-b51e-82c929a5cfc3	-0.664634378693174	-0.602983260914723	-0.102043739241702	-0.169964287091687	-0.724127200082452	0.429426571803827	0.851205329124707	-0.0594813939816671	-0.785702765969212	-1.34440449310364	0.150698026358079	-0.103331379901739	0.642392636680174	-1.21030793957227	-0.875234072343012	1.95677066154481	1.17216294158943	0.80228327506451	-0.433388783698659	0.541405635018538	0.647165304339748	-0.694078015102209	-1.08020571746747
49	1a8bce86-bd08-4d39-9e63-9448e6326f29	0.753770073566395	-0.272458785483986	-0.71153018074239	0.222265868517232	0.140313737096139	0.904043911532847	eddb2e1c-6292-4632-888e-db67335a7951	0.47504316169416	0.835467610483819	0.911779470388405	-1.73782807768012	-0.213347796437065	1.46030033003591	0.707549040012006	1.10556945887371	1.16680918669611	2.09545968656074	0.309366655716559	-0.45539493423475	-0.97457033513108	0.349301643025334	-2.35626113789856	-0.0910191791550916	-1.53388899952986	-0.970404794528735	1.40422457788201	-1.65786388546736	-2.58085980672689	-0.792317987320347	-0.254777757983841
50	ecc872f3-1dab-4076-a08b-f186d17805b7	-1.31426576929525	-0.292461025168488	-0.683146791278769	0.181088992389138	0.158596536059417	0.637763508894866	002e2dae-6d73-4e18-8618-11faae8f66f0	0.0191721455392263	-1.08251381884624	-1.78228876155771	1.94015594923565	0.252153739585901	-0.431578163899926	-0.831233804180683	1.47438181479697	0.29453985759204	0.872027049978165	-0.301313773126498	-1.07324655364108	-0.372408620103718	-0.0588604334134835	-1.12874399518931	0.520607249412121	-0.397227317778167	0.0693539059538257	-0.0521138580842276	0.832817503901544	-0.438838223233754	-1.80833138283753	-1.2687769327751
51	c9ef3edb-1bb1-4233-a6be-4efd897ac110	-1.31426576929525	-0.216817700486103	0.675418992936368	0.389580963602059	-0.351613020782612	0.859288377629664	d157c1e9-ec4e-4c71-b11c-5a4ec94297f1	-0.436698870615707	1.19684854509486	-0.815896410976883	-0.0762382673322891	-0.431252829884047	0.941632434153417	-0.46240048691333	0.133809652645607	-0.323509766053086	-0.157581792957004	0.816629461640511	0.0260802300500145	-1.2635517225994	-0.429028689240787	-0.351041336280927	1.71253007633902	1.95443592805991	-0.463290276163054	-0.213660434171342	-0.447780162836898	0.281104559951958	1.09034758512965	1.57844738421627
52	42e4583a-b1bc-4cc3-85d7-68662433b345	0.753770073566395	0.0678614784261014	0.602528630974554	-0.338902727619812	-0.585312255835123	-2.85683401252746	a1e21f1b-1732-4ce0-925d-f218970c3402	0.930914177849094	0.027918846823968	0.0561016200431599	-2.43600945412423	-0.227284253866832	-0.623753599669832	0.515507362186445	-0.503936858292931	0.571392173899849	0.483680318260106	1.43762921315863	0.629078127317301	1.97329001959346	-0.471563497915685	-0.460094170157329	0.289722504608236	-1.37277382886683	-0.636641246037655	1.21541762484769	0.430961950890666	1.49263024912352	0.725558906562766	0.739737021553499
53	555ff1f2-5c5f-4490-a1f9-79fe8c416a36	0.753770073566395	0.0687910430919374	0.602137016610294	-0.339459225607835	-0.584026864675588	-2.85835266337847	b7e36c2e-497d-479f-93b4-6884b1169c53	-0.208763362538241	-1.8342199634466	-1.20645470871837	-0.578088377511037	-0.125131931452068	0.495054604837345	-0.613009702968863	0.546051619511783	0.113685571460418	0.0586139658509316	-2.45122722561217	-1.09379750535356	2.14623637617033	-0.181411108347374	1.7530041999324	0.754211611389876	-1.0069014801377	-0.398337069676259	1.08531367703867	-2.04692590459989	-0.0861878572952032	0.619895392699505	0.922586722309255
54	21681dd8-da3c-47c9-904c-3b8a91b2c3eb	0.753770073566395	-0.326738722221182	-0.102697346668645	0.341718161646429	-0.501429140988722	0.617602809763192	86f935ca-d482-42c3-afac-a4d66d9d3333	0.930914177849094	1.32879617195103	0.734534473394304	-1.07509534563586	1.1815128179768	-0.392259035341383	1.00500880521591	1.43821537443049	0.116056806646766	-0.0526631159943171	1.35626308453145	-1.02230521677466	-0.647675667072232	0.741024085885691	0.344333873344647	-0.42925279001229	1.690190096581	-0.316397288129879	0.208355272573678	-1.11123964449586	0.489497196390484	0.0695199290167493	1.09152910433461
55	1593705e-30b4-4a9b-82a3-d5022a6dd6c1	0.753770073566395	-0.253751296584042	-0.683490592261347	0.169403859635859	-0.257265309672697	0.377997874773875	ed383297-7ce7-49e3-9846-a5c8fa16c47c	0.247107653616693	-1.07978363111974	1.41358236670709	1.49711361726604	1.31740793748965	0.651506400384578	-0.081697744806651	-0.336579272613149	-1.83677282868724	-0.705826105289984	0.965700640357153	1.40481803194547	-1.38583621532705	-0.337613219243364	1.24486582011371	1.36162380646393	0.210143568926611	0.274411182209454	0.0632924404891933	-0.198617220895283	1.45598338452449	-1.30145664742368	-1.47656724899883
56	b48d5663-b599-4d02-a70b-6bd12546041f	0.753770073566395	-0.279181529942263	0.0301159327770253	0.397080436488278	-0.458028286543225	0.54313937918586	559c3a9a-7d1b-4007-a5aa-3d492a9aadd0	0.0191721455392263	-1.78808057924174	0.0554725239151531	-0.118098832613096	-0.0927771808620342	0.88030654821611	0.606937205863341	-0.291657009046499	-0.451081913337603	-0.297340038586154	-0.814059605385199	-1.04586740272374	-0.710350670673488	0.121902493956376	1.31572873376223	-0.93075925284775	-1.09893546946622	-1.22578305076401	0.15501075192037	-1.30837179211554	0.398567699959198	0.475051318693656	0.36254742750042
57	fabb1fba-dea1-44a5-a9c2-e40b46011c7a	0.753770073566395	-0.215738741498972	-0.686130801661326	0.0997846363389378	-0.25436183787704	0.15383120324853	bf8f8359-32cd-49ca-abd2-975d262dc91b	-0.664634378693174	0.541267481757624	0.345523899097333	-0.0505037167948773	1.04964836991488	-1.55376219644063	1.72908765132745	0.444504127427534	0.408201756625134	-0.166099222479868	0.190518362502846	-1.66838931040666	1.21449450938892	-0.149280299491793	1.26033819515546	-0.48547709982062	-0.404270167257706	-0.484325687051443	0.691731916314993	0.137812758257133	1.57382906154971	1.5163493966344	1.33232498389542
58	8dbd3466-e4dd-40a3-9c49-2e947a9bc113	0.753770073566395	-0.186623448215473	0.0878335149514485	0.26739918034113	-0.316756236985792	0.475522871242129	8b192d01-32ee-4b1f-b79b-cb67c0b3dd68	-0.436698870615707	0.35927034196205	0.980925287432841	-0.735683673917946	0.657073550137956	-0.124196354338375	1.53098658633247	-0.0433712772092347	-1.08005420247723	-0.558507352167162	0.461153751795109	-0.211899556866262	0.633422164818926	0.875389816201194	0.349768067727632	0.327143823561625	-0.170056144861021	1.39543983861189	-1.5730516155509	0.549864588739908	-0.262200403660207	0.630695455251247	-0.122012090946724
59	b9e30469-13ad-4792-878a-889cd6480f91	0.753770073566395	0.127761961517797	0.546782781587628	-0.401103302738299	-0.263677143221439	-2.74656534271483	0a3c09bb-6e80-48cd-8aa9-13dd3b965e52	0.247107653616693	1.29453626179348	0.404930989129273	0.769059601536691	-1.19100354992727	0.276052263426275	0.830927474420579	-0.0824674779528475	0.653461144496501	0.625491644382169	1.30262114038418	-1.62996173236562	-1.07291380698359	1.00012231828458	-0.234439750087316	-0.361017560799913	-0.360221619261908	0.830286116948506	-0.483717509657935	-1.04342273267645	1.62300483186743	-0.266723318043174	0.209200520508333
60	0bf3da28-3985-4c34-8197-5816fd73b588	0.753770073566395	-0.229781807700705	0.70107884110622	0.461859452284607	-0.586703502737209	0.1842838073186	0002356d-8e28-492d-96dc-baa554379aec	0.930914177849094	-0.382561801478588	1.25039014089015	-0.713836402291467	1.23007855968207	1.13884474716246	0.0507418010606986	-2.83981291729286	1.58862947280565	-1.61664887221133	-1.42838623959305	-0.0613573524487231	-1.19039728666599	-0.564943644578077	0.833468149011137	-1.27828307083174	-0.61268629046884	0.128736464019824	-0.512776975003859	0.735880373577649	-2.69213456895816	-0.0162942601652317	-0.197413458093021
61	55396f13-62ff-44de-833b-05fde4ad97c6	0.753770073566395	-0.228968438618099	0.701315631186936	0.464164943949274	-0.583316118975609	0.181090579967714	2addc5a0-235c-4c14-b285-913897ec2ca9	1.61472070208149	0.154356966598343	0.916379511029147	0.874592844298184	0.906414389521571	0.129035832594265	-0.845615818265446	-2.43805658210915	1.83004436682135	0.380264590294196	-0.216783148958958	-0.38261968776725	0.553469863481186	-0.692906892146121	-0.369916080195685	0.304921165004293	0.839689334517514	-0.0907979317341292	-0.335306922598246	0.162562239160718	-1.07136367826979	-1.15770114163862	-2.31964022966097
62	c3c65323-ace2-4f32-8595-7434edac5d28	0.753770073566395	0.0630476614065948	0.0711716898487885	1.42857595719361	3.98679385413522	-1.35139623603775	75998a96-f957-4d4c-8dc0-ba85adcf85b8	-0.892569886770641	-0.331038289460182	0.894383538228631	-0.929087285879014	-0.653705379787052	0.575907267264954	1.12523220257611	1.31120442310903	0.431360061995651	-0.0112127448405602	-0.0791875545759029	-1.13430889572167	-2.45055678718755	-0.935228111301287	0.467650470332455	-0.986403943150479	-0.44290244619972	-1.24110989229075	0.466823716796762	-0.654490509576509	-0.241417067193087	0.620820720524854	-0.0764737283205301
63	b758cdf2-7e17-4e77-a699-3552fd8c8087	0.753770073566395	-0.209679971802007	0.681935273811445	0.461528203482212	-0.284742435988888	-0.226204269257363	8cc12f5f-d619-4d5b-8105-5112b2778927	-0.664634378693174	-1.9501817766418	0.178226926466393	1.66006608595104	0.530420871966702	-0.365513853797208	-0.513111876864186	-1.2499987555676	0.223466764116636	-0.375686520896501	1.8899800719266	1.09520324815759	-1.31943123796349	1.54309440955809	-0.936479950330242	-0.94819723400696	-0.782891665763657	1.6098820985141	0.225518915088655	-0.506919779658686	-1.1368601512108	0.773567440049848	0.781573938624422
64	6f354cf7-0cb9-4351-b619-d111936d0b25	0.753770073566395	-0.178091372532623	0.668939141304479	0.375204765578125	-0.28575562666758	0.483847839089008	1b3b0178-99ef-46b2-bc8d-4cb904870ea6	-0.892569886770641	-1.96569468851189	0.0749836869008726	0.489713812754121	1.64716029643481	-1.18585655449308	0.926591978025263	0.040104461672774	0.808417632042235	-0.647162560390111	0.95408141085976	0.694702014320537	-1.58797428965518	0.466447477358239	-2.43497130104758	-0.0651030378482813	-0.617468282924357	1.66562448815178	-0.23072669003035	-0.395643998379824	-0.855142656028479	1.27464189213639	0.499775345299318
65	214ad59b-7245-4ca7-bf42-84cc2e09bbbe	-1.31426576929525	-0.27999489902487	-2.05470233288332	-0.159229402215239	-0.142124506276176	-0.381714928513155	cb1d767d-a3f6-4bf2-86d2-ae9428560551	0.702978669771627	-1.02766769165719	-1.54372602810649	-0.779367413791365	0.84362958120934	-0.101184099325267	-0.918852317486982	1.46870330905592	0.325139574582402	0.407241553050935	-1.18646577288633	-0.614639807804327	1.0335695117462	0.59212924248811	0.558260939681052	-0.214290552501892	-0.220521986615344	0.0985139645867055	-1.51645357019632	1.9800377846613	-0.245856054116227	-1.51258095885024	-0.802280421474235
66	74809453-1b01-40bb-9071-47a93de70c78	0.753770073566395	-0.326688924114084	-2.06589977150792	-0.151209206211656	-0.0996007422689506	-0.240863716589723	dd7c32d9-5cf7-40c1-9b30-52d20ea9d2ea	-0.664634378693174	-0.37751749179735	0.701370638705032	-1.71418033702343	-1.81028590460612	-0.851279415159327	-0.237352715769443	0.306920341150095	-0.932849363664814	2.21165168667787	0.567263210282998	1.76773579940271	0.407595174809614	-0.0209542109549869	0.132392685074256	0.140121919740311	-1.44219902879304	1.43938103581467	-0.919385699821707	0.353575233671534	-0.354433028182285	-1.00123154498248	-1.01073102582761
67	e6c010c7-dffa-40ba-86ca-355507b47e86	-1.31426576929525	-0.267844160892873	-2.04406044021731	-0.267028362476186	-0.267593805695789	-0.587936344501235	1a9fb27b-fc1c-493f-af07-e1086b287a16	0.247107653616693	0.852238454173512	-1.44077808689185	0.0283377125657999	0.552317530595884	0.792974643798339	-1.38210104924075	0.208500135600848	-0.876545749063464	-1.21727277252929	-0.415172971215713	0.768752274820974	0.519009874470624	1.20579541452586	-0.0687290121163125	0.440891127039748	-0.20813431872089	-0.517753595437323	-1.31017107530334	0.408045176921766	0.102761585593363	-1.97761619729604	-1.93832088708282
68	9d988cb0-01b1-4d5d-bf4b-3fd3baf149a4	0.753770073566395	-0.218145650008725	0.686525358453009	0.373018523482319	-0.330472116770484	0.263442873842733	907d7ce9-b3d4-4802-a370-5c26d3c6558e	-0.664634378693174	-0.119145195568908	-0.188041768025426	0.309452880171748	-1.87341819235255	-0.906892424871767	0.605950709248171	-1.36644576831039	-0.107385788531043	-0.305054928352575	1.166998248337	0.379225538619939	0.654604237951746	0.531341348177767	0.443640029217999	0.0891644476927693	-0.0580902472575662	-0.202724349030299	1.91346054292201	1.16027293582321	-0.221414228470618	-0.175852507333833	0.662621852985019
69	032f42b3-42da-4a6a-9b01-cdf540e1866c	-1.31426576929525	6.59690789945912	-0.541340133494413	-0.696683234091234	1.98363270999043	0.185442692219341	3ec9f05f-87e5-40f3-a1dd-6293fb281d78	-0.208763362538241	0.466691365027618	-1.15818159591238	0.731798531211571	-0.429673018183725	0.0373006068499364	0.535595822753169	0.0533498183719317	-0.77092626817989	-0.0289057531052453	-0.029415368574793	-0.250476966127119	-1.05796481102805	0.976562110621631	-0.670128167315257	-0.188195235336491	0.43896140790415	0.191717247997622	-0.48047886423749	0.529760087111121	0.688345546469697	-0.818939591834823	-1.48355333322754
70	336ef507-cbf3-4f5b-b12a-3e1c99008866	-1.31426576929525	-0.20778764373227	0.682153849270567	0.351407851614082	-0.385471736149673	0.545756006481017	40b7ed61-a5ab-4af2-a9f5-9e7d6029ca3c	-0.436698870615707	0.413288813901408	-0.845956638965838	-3.68442447215485	3.2931060438348	1.18742820231532	-1.98920255530474	-0.782554770643986	0.260657055160054	1.36061040631773	-0.574308240925421	0.370651138153799	0.256288359164164	1.63576112874001	-1.8046681336379	1.32399717080074	1.7411027262073	0.748726997198872	0.340631073551015	-2.40158678968445	0.527366355155281	0.0865783503672958	0.969882807309111
71	03235361-4310-4737-ac0b-4ce92d99fbf3	-1.31426576929525	-0.238928060037768	0.662573131057548	0.348519362057199	-0.213985433218685	0.785572902899271	4e5552f0-b344-4503-8fec-eb232764c13e	0.0191721455392263	0.332334609749789	-0.20340983463444	0.297561306917198	-0.78084917207807	-0.592475904139142	1.2996025075354	-1.45926032263462	-0.404496869846008	0.510317966929922	-1.59414994917405	-0.336799800452974	-0.920103233486931	-0.992426507018794	-1.48617359720708	0.293758817944491	0.615220802506661	-0.377675447530117	0.031312797105449	0.918954180549434	-0.0125047142003006	0.931279487214406	0.967739818602667
72	d4073658-c7fe-4f53-9e80-b95121a65475	-1.31426576929525	-0.224270817181822	0.607369166663029	0.121798106750887	-0.0559881763383538	1.64795543695462	33b44b6a-0ca3-4203-86dd-c61c0360e8cf	-0.664634378693174	1.20826174570944	-1.07308792123507	0.52976013520873	-1.35339916612737	0.655971057650573	1.00510002519674	-0.602234478640262	-1.21864669463106	0.394055024107204	-0.857091861036982	3.34568502850909	-0.623784413857113	-1.86002329337316	-0.503545333487536	1.32054130651722	1.61987147293077	0.753347706302877	1.43504190403071	-0.609165729691282	-0.251849686566025	0.409404245535483	-0.324411626226385
73	000a5dcf-764a-4f69-ab1c-5950cec4bbbe	-1.31426576929525	-0.227989075845165	0.672705014318936	0.220559274687294	-0.44954470489029	0.487602236353287	ca3d3f50-6a44-4bf6-a881-f0f908e23450	0.47504316169416	0.863284584347745	-1.33989433504906	1.75216868535477	0.243395150923785	0.228700251224355	-1.87694977880106	0.736237463378707	0.224530978824866	0.650575086463975	0.435031720235627	-0.710054625167217	-0.506280809241736	-2.800788922088	0.610996022074453	0.0959420589736944	-0.943430098109067	-0.825135538510456	-0.229005124800283	-0.171081091983153	-0.974411772295649	1.66360638765452	2.91748518167902
74	1a3241a7-f60c-4b9a-a469-74833c36ebd3	-1.31426576929525	0.102685294719974	0.512603044167414	-0.533510074031552	-0.0563359880638752	-2.25607360235	994ed086-21cb-4cdd-85f0-d6fdc0d1bd02	1.15884968592656	1.65776828737013	-0.689971991506976	0.622918176236503	0.398992171404699	-0.212313402656285	0.198711013189258	-0.772345306394481	-0.930339077732662	-0.883597494816268	-1.01607645367722	1.0725423152006	-0.123950350762292	-0.0321270878479975	-0.938548797882955	0.139249757149388	-0.824044363109778	0.690903304722691	-1.1532200574785	-1.64463608463028	-0.702338158933827	0.0449657539243982	-0.832621250573862
75	36e99817-83e7-4dba-8e15-61f1184ab62d	-1.31426576929525	-0.230595176783311	0.653802790760275	0.20722187290767	-0.241931349251883	0.67181783303136	e8ead29b-7dcb-4cf7-a3a9-d14e5da7a428	0.0191721455392263	1.07902356785311	-1.4304971691005	-0.573075794057849	0.539111148860305	-0.420818679695705	-1.06988342356962	1.19384261721574	-1.29341146757871	-1.71488064028817	0.714130545606176	1.7770049495723	0.258528665836303	-0.116716949591503	0.948989707132326	0.700342640075694	-0.982638737852516	1.40987125854353	1.033215490079	0.0287428198084614	0.103094594562278	0.840657492812578	0.0862525125987022
76	725e0255-424c-44da-86c9-bc0bc14a21a8	0.753770073566395	4.46695986201775	-0.0983399538179389	-0.33261165036473	0.988036767934351	0.114057981094503	380f5968-7cf1-4616-aae7-0bc2c714026a	0.702978669771627	-0.0571698387692857	1.31643735874354	-0.0305697216333382	-1.99157613107663	-1.25666725188057	-0.48021323779076	-0.743987486640533	1.26781263719583	0.389480495070032	-0.149461578380871	0.323079174283329	-0.1376074270845	1.59332265396707	0.558603804287074	-0.0343818408627151	-0.199751918932098	0.215440923679388	1.37310571570294	-0.0882071147691563	-0.646271471800575	-0.998921620271911	-0.535129023310507
77	9ab06fba-a1bb-4736-930e-15ede9f493c7	0.753770073566395	-0.0967378649029606	0.680286850557233	0.0539305271210293	-0.327039366262077	-1.43000062955053	c1b4c549-4696-4bc4-82a6-e54033a7399c	-0.664634378693174	-1.79951547983839	0.139463879919532	1.46453385715053	0.563145866621117	0.194335804274298	0.57095478591973	-0.890172870445055	0.581071684693209	-0.444485817584161	-1.06173464699998	-0.716099725733366	0.0335284657462456	-0.593069332109725	0.317348460876759	0.66153739244075	-0.420660290888924	0.29515535925287	0.404234185594435	0.108656220020763	0.700763540475566	0.144988144158367	0.421242325881046
78	8dcd5c7f-fa13-4302-af2b-915c878e23e8	0.753770073566395	0.146190581017991	-0.11934505543957	1.64594142132509	5.49588844217685	-1.0010670359805	8f4c4c92-c86d-4573-a92a-631e859946cc	-0.892569886770641	0.497604305819792	-1.02938820436623	-0.114440692949082	-1.30732215718735	0.952947342150283	-0.339132299415581	0.700448320546969	-0.0170490619036585	-0.191994381967238	-0.26455127606524	0.583516213159815	0.347263260702909	1.52043920906038	0.627580641975511	-0.147867824347487	-0.429954444206058	-1.31583690897585	-0.480928689578198	0.542341136123692	-1.42214372401132	-0.180244496984721	1.09254017053311
79	76db32e7-8830-4346-b3ee-ad0395cba242	-1.31426576929525	0.202415963805829	0.503814489248547	-0.294279538951602	-0.116779617059921	-2.12391849380228	eb628df8-ea77-4a28-bd53-9a2a9e3b2a9f	0.0191721455392263	1.05126678005513	-0.966953901864606	-0.229581851433008	0.274555629981153	-0.177636018732063	0.104501868890135	-1.35535458277641	-1.27084678458493	0.541912330375374	0.194508197337759	0.647890921300343	-0.254075984142272	-0.688849049510917	-0.511689560601017	-0.547901200863991	1.29205436078615	0.070320818571774	1.53970651551931	-1.0809486541676	0.458249833025278	-0.0437690428999143	-0.372491803380181
80	749a66fb-0d16-44fa-b263-cc4e260c5fd6	-1.31426576929525	-0.201695675297239	-1.43153914527088	-0.424877691783779	-0.364043509407768	-0.448183109021954	743d6428-391d-49fa-b686-359707ce46bf	2.52646273439136	1.05323181565383	-0.593590481426838	-0.31736819865332	0.608826335965172	0.593572537266755	-0.838997375057706	1.03552708201619	0.643401827811714	-1.58834529854853	0.458090914207851	-0.775670301765001	-0.925933336343096	0.579400554829175	1.4529979517671	-0.271842337527159	1.7712441556018	0.797260347453581	-2.31229366571288	0.89652538773092	-0.497731170661171	-1.41224146468066	-1.55045466979076
81	032adc29-28f9-45dd-8b8a-563c3170680b	-1.31426576929525	-0.190922684794964	0.661589541491499	0.315697905720712	-0.423443703227249	0.463757793766981	228914aa-656a-42c7-9036-789806cb0681	-0.664634378693174	0.900525663148279	-1.22193321958749	-0.585179370242794	-0.401676448773142	0.172237873213433	0.715184876436584	-0.104676405245063	0.131946786000998	-1.51338020613625	0.124708841516364	0.529056205177205	-1.39629708659196	1.0828387970151	-0.3603760530858	-0.388757295828531	0.375604309399457	1.4988684288953	1.47950044765549	1.48326013253503	0.128709578400029	0.587423358523094	0.366367665964727
82	c72fc475-80f0-4fe3-b306-acebd17f3bdb	0.753770073566395	-0.212817252549202	0.659772632987546	0.220787173863342	-0.420903165406049	0.831887693291188	eff1fb7a-8a73-4be4-b78b-97b7ec2e78a8	0.702978669771627	-0.29334547800829	1.5425624158742	-0.481822439679843	-1.22511295143061	0.325528033004048	-2.15832585613372	1.43064931564447	-0.174507825560592	-2.35669014664904	0.229444040438671	0.375344155959592	1.93384072057504	-0.846035929898661	-2.19959196412207	0.418805629548948	-0.578956365770238	-0.393657697329377	-1.62103159555336	1.82179230713155	-0.250677578057351	-0.657408708658017	0.504532957090516
83	66d88423-3567-4c3e-82dc-eff030aea3ca	-1.31426576929525	-0.376420633736298	-2.11807100140712	-0.163662836186491	-0.354062825110197	-0.322337304464321	f895b77b-0a9a-4df4-ada0-da99c541365a	1.61472070208149	1.09065323027222	1.57647843633359	0.526348852425269	-0.771800182418355	-0.699385498075363	-4.64637416996384	0.339537479279914	1.13702801602767	-0.281557132140947	-1.00032878352952	0.501042418253409	0.399187655828978	0.363685541247583	2.17835152403017	-0.154114139772586	1.92539678131886	0.203831531606587	0.214310570035948	-2.49383557395938	-0.507142655465837	1.07089731266228	0.783092011779606
84	2756c53f-5446-4d96-b44b-1efbfda4dbf2	-1.31426576929525	-0.306935674965074	0.700090697884773	0.325700294557826	-0.401486197772594	0.53423050226846	14469410-7d44-4537-9815-f3646c0ebe93	-0.208763362538241	1.35987490777969	0.0867457112100613	-0.620387577326723	-0.142825987569042	-0.692105246464043	1.24618950334075	1.07000998898606	-1.03700881277611	-1.26659443601976	-1.70148687260895	-0.0849977595610756	0.162222958941129	0.359574908865941	0.242227252528189	-0.537164166161526	-0.295540091364711	0.720324389803436	-0.912194453134493	-0.459288845822987	-1.14026443651055	1.49903556611908	0.982263209739737
85	9e7013ce-054f-46ae-bc49-4abe5d53d88a	0.753770073566395	-0.251908766621403	0.687121887310196	0.424163338572077	-0.502986732629101	0.851280945869813	18127733-30c6-4da5-acab-b18d8f983ed4	0.47504316169416	0.971714416265308	1.44406134959633	1.06721148210911	-0.927620802817819	1.31466088593811	0.453582471579438	-1.18958559325738	-0.911141340867379	-0.514345736383727	-0.529514963168821	-1.79034430538879	1.52302234552026	1.22144592790854	-1.2209858453435	0.492530141609896	1.40062922938722	0.420374770473366	-0.030049813986234	-0.574591362615809	-0.422859841889835	0.305625007770338	0.0520308842328774
86	7efe2fbe-251e-4c1a-9616-438a26f42a5d	-1.31426576929525	-0.246895757173503	0.689576307569921	0.230133690071714	-0.535166878364298	0.297278739648253	462a8d6e-9832-4f92-afe1-b4b9f2968e69	0.0191721455392263	1.32865421461383	0.0945936616354882	1.79904565710364	0.0574882157381301	0.0238248138744998	-0.199285317701736	-0.706025979056257	-2.09757299587969	-0.340739794412341	-0.175647557229469	-1.24665896619807	0.527333969028075	-0.198728203936776	-0.714324265018959	-0.317698094688782	0.263309031457742	-0.456536760924195	-0.847022141107045	-0.681128967641703	-0.0496487097201671	0.534788688966147	0.026230110828878
87	cd6dc660-550f-4a19-b9f7-f1bc9c893ca8	-1.31426576929525	-0.117553473670069	0.587424156018139	-0.0417182270680763	-0.313444464468871	-0.188396359969345	33adb0c3-2a21-4273-b82d-452893dc4c6d	-0.208763362538241	0.90263842361659	-1.33185749455273	0.848408851287002	-0.788113973418858	0.240135434347423	0.0752226415427393	-0.168946746259572	-0.968435325471585	0.0578824881425373	-0.472361732413296	-1.12749738611741	0.312135886572949	0.879043153398012	-1.03716738612497	-0.591057822825769	-1.01976725201188	0.247813493558614	1.91945547568561	0.699924146425304	1.28100566632574	0.552908235378591	0.0194631892003382
88	10f10a94-511f-4538-9c0c-cbe5fdb14b6c	0.753770073566395	-0.297490633985421	-2.05973412209852	-0.175007445170909	0.202299835483628	0.28695353808692	8d0fadab-d484-41df-9519-58229dd0ba27	-0.892569886770641	-0.109767496312947	-0.089252183429868	0.118967808374561	1.24695002005914	-1.49066468160973	0.399016113188163	1.12312668945066	0.0499898269171424	0.752113806703798	1.88097125140049	-0.433338098294202	0.590376421761272	-0.640296344331305	0.888917115214527	-0.595963906217609	0.215454371613005	-0.798455786385052	0.211214621854899	0.431837414815822	1.13801747919444	-0.589466611896495	-0.957530667954288
89	28114ea7-018a-47bb-af34-32bcfbf1a233	0.753770073566395	0.222300347970198	0.335875678156419	-2.30367054914917	1.27144283523855	-2.07194327751116	2e705beb-3a8c-42c6-bd1b-e786e496b99b	-0.664634378693174	1.58670459788525	-0.0903577525912789	1.7138836306401	-0.649776028818388	0.434333740721863	0.047214842397003	0.0915420959162313	-0.538741164106368	-0.937984636695635	-0.361226052105225	1.61806881569459	0.537660628446125	1.51484886581736	-0.699537549255833	-0.458531797804646	-1.46343113701563	-2.3402703684872	-0.0396685215517394	-1.90123947982317	-0.929249871244966	-0.573065401552289	-0.23365207509341
90	50d9dcf3-cbdd-436f-bbf8-fcbb920d23e0	0.753770073566395	-0.338640469817687	-2.1203751510387	-0.117562277859601	-0.3115088166051	-0.359438675655882	f11bb53a-aad8-461c-9eb9-0a1a11d41dff	-0.436698870615707	0.637379471296046	1.88749210314394	-0.499723507357542	-0.635721822530897	-0.672100675247739	0.759149955208877	0.708577150617827	0.625639450649286	-0.773303364445552	-1.52180843250321	0.123130180289327	-0.507466784100932	-0.0831814507846478	-0.464611856218994	0.429487490514999	-0.6576075355366	0.386606987003011	-1.68735264024401	-0.148222648049818	-0.204437540062174	0.763032304124102	0.858285270256473
91	ed175850-c13a-4b33-947d-bd6e911000db	0.753770073566395	-0.366992192125678	-2.12813002618214	-0.118219475483552	-0.618596325742628	-0.308567932710946	2e68c396-4602-41c7-9e95-b80d75d04a2c	-0.892569886770641	-0.721108773941081	1.20812925868591	-0.118926024063448	-1.43934040803698	-1.20366821300425	-0.138037836516869	1.45041399438745	0.0547814847470236	0.469531993425917	1.52806995975392	0.318020374011028	-1.3441402697636	-1.48196856902032	0.657814581639807	-0.70029463826071	-0.276129337849816	0.204968074284406	-0.4711349085865	-1.78929864875306	-1.15945526001614	-0.0799245470436362	-0.151552910232144
92	7cf9e7b2-28a3-4b42-812b-929516fbce4a	0.753770073566395	-0.297972015687372	-2.09019807671366	0.282213951779435	0.0629483115410308	0.337008919826289	f3fac0f5-07d0-4d7a-9bed-08efc1189d9b	-0.436698870615707	0.0561276972565021	0.762639473139255	-0.00857963293121781	-0.164879501651334	-0.516531725628537	0.456243324569571	0.770818074385203	-0.126729778205564	0.257619624500822	1.05577607558918	-0.592339283759714	-0.533166661153035	-1.27741476413595	-0.14938591313562	0.33468864960435	0.540096059569528	-0.980833399407514	-0.15386670009162	0.0963955118236219	-0.850418242329574	-0.631629652553141	-1.17207419893245
93	eb1309e6-5567-437b-82d7-549c1c8d5493	0.753770073566395	-0.152013763782123	0.680541855259542	0.31907266851951	-0.533382452989884	-0.133534894948556	ac7aa933-14ab-4594-b4e6-4b7ad8826c48	1.38678519400403	0.691764834337064	1.65461032952666	1.63593583841525	-0.521961479976841	-0.412506336707711	0.303582534668726	1.60837486644453	0.193397316117439	-0.431937554551295	-0.296163357033863	1.07033540726945	-0.461690310183972	0.845281164987645	0.351865669770157	1.39484909643722	-0.342585218422767	0.789661604370534	0.676544510262094	-0.547536309813738	0.790187927727156	-2.92935356837485	-2.01158928775321
94	bfd08f92-7030-4c34-849d-0187c8e88c74	0.753770073566395	0.164747015659738	-0.0487438160465204	-4.31794151670361	3.00120581642479	-0.271572948290231	d68c6980-b037-410a-ac92-38bef3e03071	2.29852722631389	-0.128727914820674	0.632949825285479	0.0719137697137525	-0.437142149958331	-1.49103351045282	0.88561233766611	-1.47458671539999	0.771993498475954	-1.48020969307152	0.352170887752133	0.512950913067059	1.07674198724327	-0.85072140284677	0.0332139644912573	0.480660398229936	0.0446356503320614	0.054475198012889	-1.22124617043733	0.16538871949906	0.0924087815790809	0.858117706630968	0.226979662713171
95	f7e918d9-f19c-4a3d-b3f7-b53b072f88bb	0.753770073566395	-0.343636879896554	0.666908210996803	0.265312312886043	-0.306790674937158	1.24361261759233	8bd50c0f-957e-4343-84a7-d2826694f142	-0.892569886770641	-1.44623092689792	0.775050422072895	-0.441157730321336	1.9196550828865	-0.153694653277827	-0.555603597155845	-0.733275107038199	-0.0792008695240624	-1.95279540856628	0.419925287027009	1.76265350131064	-0.985782626199815	1.05804671644431	0.244672788757219	-1.0243379513186	-1.38847398719508	-1.27165508485844	-1.12457738123877	0.297902360615375	-0.247974271793272	0.338802840123847	0.788123761053196
96	27d69b74-d193-448c-91ac-2b7fb07a49ac	0.753770073566395	-0.32439821118756	-2.10222883427617	-0.211488538276254	-0.337382984534105	-0.192436620923225	c8a7e585-2ea8-471b-aea6-e3238e4921c4	0.0191721455392263	0.931314393960489	0.729859511319773	0.628092933485247	1.48006738055722	-1.41201184477254	0.628642274423168	-0.0109138002554999	0.863985299085914	0.562414065822831	0.661738437138792	-0.534269685424122	-0.179039819637447	0.291506362633818	2.04528146668263	0.317136684116272	0.24543245558143	-0.209263807125428	0.48809461906726	-0.258049391401862	0.224055441698035	-1.01133595798289	-0.869898052749505
97	10571d4e-c0e9-474b-80b6-75c59ebd1942	0.753770073566395	-0.338806463508015	-2.11250643451031	-0.0768756499590517	-0.225947132126835	-0.316585921936606	a58a41bf-4118-4882-91da-5f35068031e3	0.0191721455392263	-0.112533243315831	-0.815192662135914	-0.550653141595215	-0.752609332499446	-0.458647197035787	1.82459051466549	-1.02586246989559	1.06466751904246	1.21138114220124	-1.02891880534031	3.53792852618836	0.645787830248955	-0.606914796133213	0.727895116900936	0.174538530448642	-0.292367669570439	-1.82332574868717	-0.0628716373580808	0.997842254834827	1.20169150040889	0.476973586522271	-0.250365028831782
98	65ee0ab5-4a77-454f-9112-a2f245d63396	0.753770073566395	-0.139531038269472	0.673137611581782	0.313861462360235	-0.296492423411937	0.571344867264094	48ce98a8-8b69-43d8-a30f-6b4005d81b9c	0.47504316169416	-1.02637929378013	0.206292599951781	-0.578961741497624	-0.258621890315491	1.37702991025206	-0.542424894459461	-1.55109343903541	0.707300663556652	-0.79807280156872	0.298426034921916	-0.0606336036962619	-1.5554373513167	-0.297106720531918	1.83280378830934	-0.542526597848747	-0.820400519879001	-0.0349906331180104	0.644368585893312	0.816144028644486	0.308067820716519	0.2413367381151	-0.483782778086917
99	21f44f41-69ee-427c-933b-a0afdc16a0bf	-1.31426576929525	-0.244405851818586	0.708983986877802	0.329394381202132	-0.293210895392887	0.814467874706117	06ff73eb-9d9c-4ff6-8224-55084c73983e	-0.436698870615707	-1.18446853393479	0.584314099561322	-0.644536235517328	1.26923700270594	1.86953074377749	0.263298712437947	0.900088721366298	-1.52465548226864	0.99353235271496	-0.875289788228351	0.363452216351696	-1.89163271557348	-0.209944037583461	0.429958175004192	-1.33669373431277	-0.46354320445474	-1.07853231111575	-1.2075092869425	0.537161602176801	0.981657847328029	-0.858862404593174	-1.22555753743275
100	17911abe-0893-4919-b45e-5df3d3fe63c8	-1.31426576929525	-0.245518009543782	0.682572785567218	0.453366232991204	-0.533745386964341	0.277801027343156	e6fa4d27-a997-43b2-8142-c7f2bb636716	0.702978669771627	-0.596749304415282	0.603869637657536	-0.578624354165855	-1.38890895739537	-1.65467436501749	0.00997268664690956	-0.907196817314561	-0.35661317564162	-0.317792013551052	-2.12105327497786	0.780680595115089	-0.00601293595246585	-1.62245321983253	-0.679235532933875	-4.64621399095961	2.31777751342799	2.13038206553543	0.82295265358043	0.229489318329245	0.769327107609323	-3.92742075650756	-0.975921460993496
101	4d7c824b-1b6b-40d7-a48f-f0635aebc459	0.753770073566395	-0.239940621548768	0.691784830438134	0.367122294799691	-0.437053727269391	0.17589630678962	2b86a385-0107-4700-b608-c8c5499ae4e1	-0.892569886770641	0.821478905353707	-1.84053692584086	0.396447407378076	0.82120762128967	0.773403079174415	-0.48584952990166	-0.0294224706441387	0.13543117880232	-1.21384565421929	1.09592110915035	0.311389335412751	-0.259636934413251	-1.11110440055269	-0.264815413981107	0.22859763118436	-1.44041746657161	-0.800274779311351	2.16416047372429	0.165492402775759	0.300993750731382	-0.814123909556617	0.501706098535523
102	0c24b869-9532-40cb-ad97-f579d1b1fa8e	0.753770073566395	-0.249037075778732	0.677704927946353	0.537317929470144	-0.312174195558271	0.331998184130723	99117a9d-dda5-4bb0-a303-c840d0b8ccb3	-0.892569886770641	-0.565897977225067	1.16387202878334	1.61922351179437	0.0126789627953599	1.28227076305827	-0.252455892912496	-1.20466175457809	-1.13076485532089	-0.893875864053403	0.381333583765859	-0.117061442369309	0.111722256531619	0.906346911774728	0.892549237901717	0.134376413049239	0.342466489700795	-2.45614570082465	1.3182340914423	0.407930542329134	1.3319572728814	-1.48977316290378	-0.611580956034489
103	efe5abc5-9197-495b-853c-2844a14e4149	0.753770073566395	-0.174124123333788	0.663310823232085	0.403095914739768	-0.465392821774918	0.235552485513264	f56be7a5-4cce-4b3a-9ce3-a05a7190dbb9	-0.892569886770641	0.0704033945130011	2.66762981066484	0.363984400814615	0.965151031287833	3.13457176707056	0.210351587527224	-0.350782168110671	-2.10042629927106	1.79945387200216	-0.91883691515611	0.440062350460813	-0.272608811691088	0.0212347606087199	0.615028307361709	0.594145665977393	-1.45653987295293	-0.113902893869338	0.250981264226635	1.79941894813281	-0.223561038612598	-0.0430080022032656	1.0310095704529
104	bb3eeb0c-a38c-4d4a-81a6-21b51515b126	0.753770073566395	-0.197396438717748	0.692331269085939	0.395702441470316	-0.508158541765115	0.941246796818727	52f25fd0-b036-48e7-a0d3-85da8ab39df5	-0.436698870615707	-2.18592088397722	0.0927984824828012	1.33272503999649	-0.714764432474084	0.382925147079682	-0.942623872436435	-0.857064982236243	0.252792361661862	-0.113250075792515	0.151301214836762	0.696340173321027	-0.789030207736936	-0.00414914727731809	-0.201758137076008	0.704468120877185	-0.841422636623606	1.09139192409079	0.49268698709889	-0.624573841094182	0.294665804468988	0.0748098470781709	0.908844475611259
105	e126c62a-cd3d-4ce3-b632-da7fb7bd9e4a	-1.31426576929525	-0.242297731951422	0.648538765119751	0.398551181170911	-0.287615663286673	0.707406238161197	6a85b2e4-e5bc-448b-9602-bda2c883d24e	-0.892569886770641	1.08852486016392	-0.715498945645405	-0.957259871255804	0.0638973932574397	0.0219218615939552	0.219156845234019	0.925079412092466	0.334543744869224	-0.702103020848921	-0.256076605496528	0.323716314513849	-1.1742882525245	-0.075875194986109	-0.32447088740714	1.53597860265749	0.243934278798424	0.0869652728274586	-0.363011948870932	1.00872590449387	0.67443858268609	1.59232497119892	2.32186107302673
106	af5ba1a2-837e-42e6-9afa-16207886c776	-1.31426576929525	0.139806463687983	0.554728910257796	-0.388735797452087	-0.122783149887399	-2.5498147856703	2032b16c-4b24-414c-b67b-71e7748c46ae	0.47504316169416	1.46096239832897	0.159926443827302	0.510486007916298	2.23245055598799	-1.26308329449076	-0.352410781855088	-0.971489706225848	0.603642677300111	-0.469063638649229	-1.71627119155019	-0.854454400267368	-0.685694942626603	-1.97190697898845	0.354033392514619	-1.57546146701441	-0.231148780935435	-0.123691718541402	-1.10911786064151	-1.34294509027516	0.264151489421572	1.03776133714089	1.19612287086935
107	416e2905-329b-44ed-bb02-8a3b1ed6847e	0.753770073566395	0.222185812323872	0.498828236587325	-0.465774993922652	-0.194492854340551	-2.45270234248135	53094285-f8ad-4382-91bc-0048ec2f792e	-0.664634378693174	0.276461926351524	1.45636195245633	0.0214242472403203	-1.32365992405129	0.92538762528127	0.329719816500896	-0.77693153024518	0.323189026498938	0.296322938693623	-0.425278119927398	-0.922392739081639	-0.715513864071824	-0.790772977624396	-1.65119121317355	0.968226990395065	0.867271230777212	-0.884385903867365	-0.922926302969671	1.01339029902556	-0.226106122726708	1.17636015682344	2.46726595185957
