Subject_UUID	Sex	GPC1	GPC2	GPC3	GPC4	GPC5	ATAC_UUID	Passage	peer1	peer2	peer3	peer4	peer5	peer6	peer7	peer8	peer9	peer10	peer11	peer12	peer13	peer14	peer15	peer16	peer17	peer18	peer19	peer20
1	5eefb852-e78f-4acb-b19e-5220cf41693a	0.757886339256061	0.0319935423728113	0.45114340867273	0.820408109636232	1.18602769626953	-0.533475230585748	88323c10-801a-4e61-83d4-10ec71c967cb	-0.897895328622033	-0.613801248522716	0.746360960360011	-0.439391104556595	1.29147390608366	0.508251590736912	0.0784747657377061	1.06335103021247	0.340556217019104	0.386415359427011	0.488597557104949	-0.201408832669794	0.289768004082708	-0.519653665444181	0.242179687422968	-0.845068751801077	0.0423931263057872	-0.442184375278218	0.618098995380056	-0.904428637960231	0.8777799534039
2	3b6632a5-1006-45f8-9865-d38221294831	0.757886339256061	2.70070341221918	0.188448360163555	0.122073306287155	0.828076355215279	-0.0493384976949842	b8cc18ad-cdbd-4bde-ae31-7bb3cc42533a	-0.440556119183708	-0.156533428452144	-0.0778035840276695	-0.979569496691569	0.850875717676136	0.262640661088596	-0.684555898701319	0.129061135049057	-0.656588915619205	-0.123734759785247	0.572608844496897	0.966905006828922	0.67026182053677	0.223110908904499	1.58509765309506	-1.57376970201254	-0.504959443445907	0.796381906867175	0.278164755652922	-0.510071675760038	-1.01886295220268
3	4dea55b7-22ec-4274-9813-81eaa4f382e0	-1.30735393521671	5.4777527229533	-0.273423957098936	-0.533444622443532	1.51564013620935	0.238976326795398	9625b848-26f1-4925-bdcd-93c954b831a4	-0.897895328622033	-0.536884164043071	0.350303090080161	0.738637986487788	0.0796446606842651	-1.00423640188331	0.55352476896781	-0.406855264246514	0.824456938582083	-0.16226756160063	-1.16178910910526	1.12356513631552	-0.210441662024664	-0.637638927998944	1.31832951842252	-0.282202772714652	0.0136803633269673	0.595157224996777	0.0494965597649957	0.639324983490423	-0.476382740667375
4	a140d6d1-9fbf-4645-a083-b870bf2f0f67	0.757886339256061	-0.163688648676342	0.604585539137142	0.654367397917523	0.476873460906875	-0.455065149319152	1dfb6aa7-beb1-4d65-83f1-bfc6099df392	-0.669225723902871	-0.597516295619793	0.847151869911384	1.17482779247269	1.70313615022611	0.0491510220118369	-1.73667144855709	0.209336914560753	-0.531527172272153	1.63742016965276	0.829878400553205	-0.432610047864777	0.712433145349172	-0.237182955654631	-0.441905234138152	0.53123496339903	-0.0450918687447821	0.921972446740918	1.20134020496196	-2.63093916777813	-0.650298096182776
5	b846beb8-f53c-4b69-bd2e-901dc53ce8bb	-1.30735393521671	-0.275019004354114	0.634052504034494	0.602273311002797	0.321470076736182	-0.641469556217948	8f2226d0-f3d4-4203-953b-bb1541ec0024	2.07480953272708	0.488738429709325	0.697624330610498	-1.80814663333883	0.276064365298167	3.07341025403481	1.04307224197799	-0.785905053281985	0.185269139433469	-1.47170088389914	-1.4588316005647	0.274658290660986	0.037714769577785	1.02862472819434	-0.0677832452547673	-0.915686609345996	0.0100417722227575	-1.16182205774012	-0.346026662979757	-0.338322276976375	0.71079656286752
6	6740411e-0edd-4097-9880-dbcdceb087ea	0.757886339256061	-0.039647742463156	0.376251389454435	1.00315849768119	2.01133756958719	-0.697582502579368	7d467678-577d-4a5e-8410-57754758b549	-0.440556119183708	-1.17300254377319	-1.37290950871392	0.924950851626316	1.38218545727948	0.434999296061379	0.165854526289135	-0.00461099073759914	-1.29365904807669	-1.00443679719015	0.731929343833248	-1.31452860723735	2.1458495920971	0.994534429640025	-1.58069989310104	-0.439250126273753	-3.15787926331253	-1.06877543123025	-3.59384243958536	0.345104626892845	-0.800623126576733
7	f8d3cea0-5f3f-4298-b4a9-145571ba840e	0.757886339256061	-0.343444972058593	-0.022840159222423	0.575150164390023	-0.221429882117541	0.905006216168965	2a424f52-76bd-49fe-90b2-c77bb4958ea1	-0.440556119183708	0.565812570926562	-0.198548006650325	-0.547217714868749	1.41095108799527	2.08963593314368	1.27686710495332	-0.0806414715482377	-1.19451317033112	0.13767524655972	-1.29748987960055	0.999053161580965	1.09111060898823	0.61611832327447	0.38432415992311	1.27928532475566	-0.47940296455357	0.583993238881095	0.354999465151895	-0.00564434203874901	0.838936122698242
8	639f158b-0cf7-47a2-bbd7-7599437df15c	0.757886339256061	-0.270145789326702	-0.67753661907148	0.418814432681602	0.156056115290969	0.938026313466409	a9f699ff-cfaa-4740-bd41-d9c4998635ed	-0.669225723902871	-0.295146692686956	-1.22236248694492	-0.00669988042200407	0.166789816136649	-0.312450255038574	0.918240397498041	0.787767087222161	-1.4026701530044	0.600775159144782	-0.995997119555222	0.168601683279653	0.506272949535206	-0.422905740786873	-0.823397196324347	0.18941694249517	-0.954309808221563	-0.870839647202357	0.0508755613389629	-1.08903632313011	1.34550819176315
9	49e6ade9-4681-4533-9665-39362a71f43a	-1.30735393521671	-0.301746328009608	0.725374479584146	0.559042036411515	-0.448208194232302	0.500678144394987	0073dd85-3df4-44c0-a33a-16bf9ff5cae5	-0.440556119183708	0.596533377761446	-0.580455218961733	-0.299020350188686	1.05101169563767	0.323643843630985	1.05707148033864	-0.945585440370874	-0.437301697749839	-0.384211245538297	0.43815808967723	-0.199070154869451	2.33294386763678	-0.840357655498567	2.35204753160618	0.330361572107229	0.298315000629797	0.299275344218723	0.505949445118016	-0.616966398265085	-1.72667222070141
10	35bdd022-52cd-43e0-a658-3ea802787462	0.757886339256061	-0.176181495447644	0.684488335518857	0.450455875772994	-0.527954246286645	0.498006177055594	04a98b40-89dc-4b75-9294-722bef4d5adb	0.0167830902546178	-0.364364111646843	-0.629750816898968	-2.05864734942562	-1.52670573752553	-0.951579062443259	-0.850393322049136	0.690274748020951	-0.760067251195584	0.480286605001227	0.45919309986685	0.808239653156447	-0.118641000719549	0.484550618031451	-1.41193902879798	0.810631918045178	0.307596710387867	0.589318078328912	-0.265177537323458	-2.32355811445763	0.732520955621431
11	92516175-d525-442e-bd5a-816a1962d37d	-1.30735393521671	-0.107102416450831	0.66837295712601	0.210426054055743	-0.424722074484035	-1.22882983909159	afbbdd36-5fd9-4594-878c-5a78b8f052a8	0.702791904412106	-0.776222312411798	1.45709766705937	-0.143773102751311	-1.06638016684119	1.23187444698898	-0.594346215317254	-1.94557415624172	0.846639417757466	-0.225253442897947	-1.28402422717849	-0.711407140633016	-0.344852733491222	0.0287429553390814	-1.06106936303475	-0.773007615966732	0.943590498497949	1.82423815686729	0.48949640237058	0.6699528973035	-0.48964704461354
12	11c5e9cc-f702-4c47-91fd-201346ab5a3c	0.757886339256061	-0.22513134948587	0.678825932625665	0.452634817565937	-0.315328608929282	0.680061496003375	f5aace19-014c-4905-94dd-71b19e4afc5d	-0.440556119183708	0.367294132694214	-0.498862641536429	-1.28256008451203	1.82444935263208	-0.318178216049728	-0.435711664323628	2.23256829584861	-0.556879934762026	-0.544433743754895	-1.04816113500005	-0.061425334837585	1.1206850285684	0.529800547853248	0.907713220113246	-0.121029416377775	1.10988315395001	1.04564368110283	-0.367728890145108	-0.159021969441083	1.01637612603653
13	7ecf080d-4d17-4023-b024-85a5942d55fe	0.757886339256061	0.285556465721766	0.491346469214395	-1.05909655089551	-0.0858051659348538	-3.830717204314	62d47f1e-1093-4672-87cf-9e8955e16311	-0.440556119183708	-0.613013931259865	-0.764696596408407	0.979248932362261	0.285186290458184	-0.105224713541196	-0.538492899131466	-0.83098750608924	-0.0942140373031606	-0.0699953802100688	-0.436798266167693	-0.791965718126451	-1.96897577360675	0.398789447140222	-0.585939959922991	-0.712648281015702	1.63932386345432	-0.463201617719318	-1.14099505427418	-0.483553941679109	-0.462679383636554
14	5f5c5255-f41b-46eb-a9bd-7130515e3efc	0.757886339256061	-0.133712515002573	0.66633269449624	0.502603433651964	-0.476361036476004	-0.843645425802684	d75861df-2425-4959-bc64-90dd072da61f	-0.669225723902871	1.79183172292724	1.20751837258339	-0.601223082452545	-0.771548839979545	-0.857356303698288	-0.251510335519422	0.653587770783641	-0.25037316999604	-0.401913323880414	0.599328093554894	-0.211180768351211	1.10722741890506	0.398370231053131	-0.241674403316821	0.370834797261259	0.111135189770963	0.0636428864540487	0.386313648270831	-0.643527320358307	-0.0306853962042619
15	a314e30d-7fb4-4f68-860f-1ac1f3bdac07	-1.30735393521671	-0.21180118054491	0.68988559414959	0.434788883249499	-0.578495155926747	0.56253410669022	ae831e46-4805-4576-af8e-36f7ea2da14e	0.0167830902546178	-0.895790471862475	-0.466220996889597	1.14725548135828	0.91000513117739	-1.08568030373725	0.260599551774509	0.83657512690301	-0.676568528891242	-0.193959416602059	-0.506955537084789	-0.47427432675328	0.197274148005765	1.16387163233184	0.730297605094639	1.37541936627271	0.950595854887432	-0.213607858408958	-0.751372677643106	1.01411045048895	-0.740259698462758
16	dc7b36c7-6492-4585-a072-10894fac10a0	-1.30735393521671	-0.28679175405951	0.712359940870904	0.448410611390661	-0.488058344168809	0.397249993858664	83bc916c-875f-4c16-bc6f-55c1b3be0aac	-0.897895328622033	1.12044688868886	-0.442126966598099	-0.175053679217358	-0.728886499301065	-1.14039964878945	-0.493994577737614	0.662461412937227	-1.69839232505347	-0.0599073599036908	-0.0419668384368038	-0.406057410541601	0.427156359718625	-1.89935252939087	-0.297524095202293	-0.786703730176781	0.531904334715569	-0.663628377060817	0.254212892862441	-0.29934722476936	1.57910818721581
17	a77d48d0-a1a9-4f2c-ae14-ed6a952163bc	0.757886339256061	-0.162533144082213	0.666188887438635	0.310904679740767	-0.512383253908086	-0.0259506223044382	9b6bc38e-d897-4377-9d38-1af0f82503b9	-0.897895328622033	-0.250527429645768	-0.810240903767309	-0.0850946071711031	-0.530397756795512	-0.861602318523321	1.4943540751858	0.607627239003193	-0.130987140489333	0.115793730066889	-0.344482684800524	-0.13654655761051	-1.0290337465059	-0.234997222968311	-0.495176622465073	-0.0332854468939732	-0.030773013923256	-0.884944783514258	0.685805357484361	0.0765555226340371	-0.808148836620205
18	b7af5d94-4b4a-4130-94ee-fc1f23c5824a	0.757886339256061	-0.208803567177533	-1.93094410305285	-0.721477941755801	-0.212309947306201	-0.311013954712696	1f34b6eb-2360-4f24-9a71-b1c250a2fb2a	-0.669225723902871	0.137986155067942	1.81904957364242	-0.85182606724333	-0.229313488290192	0.626544516594286	1.12852757791368	1.24922110530849	0.851499459769709	0.40533238762107	-0.510287544708127	-0.171303328239548	0.158303822131884	0.632741452569518	-0.00952418146648825	0.758880249475806	0.21559278086374	0.2130838982385	-0.282664215404206	0.221873761287759	0.514857808781133
19	201da1fb-3779-4344-af69-6e3bf1c58261	0.757886339256061	-0.289588410106169	-1.92432897840302	-0.681239704388079	-0.0434386460253175	-0.22383306312342	82380d51-e7d3-4dcf-b03e-1f8ff58572a5	-0.897895328622033	0.625195769421399	0.826727473058304	-1.44171275981989	-0.0526731674261484	0.928435507205704	0.50972800946571	0.318312620258315	0.12929101768167	-0.322722144749254	1.43893811108283	-1.72599039622944	0.602269685822872	0.00196774501285995	0.246799106313962	0.440752842311242	-0.147145061447199	0.836669231206573	-0.0602530436452325	-0.14660657636834	-0.826788499481099
20	e3c5435b-935b-45a3-847a-fd754cbc7b90	0.757886339256061	-0.200765274348813	0.694909853224661	0.143013872659215	-0.33007606204394	0.672332867199451	82c47b0d-8c8d-4583-8d5f-45071a772b4e	-0.211886514464545	-1.31085562590503	0.352125430657544	0.655671046596003	0.0430517898634152	1.13816454925329	0.914549600642092	0.238338960358132	-1.36540745071354	-0.0384956690146831	-0.264423166881879	0.16026235782267	-0.0779007506865032	0.00633651145556937	-1.21222350403791	0.810816375430713	-0.205226116814944	-0.591444885676423	-0.216242879352839	-0.880522747756318	-0.426230482284866
21	c99ef20e-a237-47af-95bc-15550378bbd5	0.757886339256061	-0.258758207819349	0.690631593260916	0.415151671630887	-0.525712389401583	0.285370950897353	134a17cc-8c4f-4303-8df9-ddff918187ce	0.245452694973781	-0.468494268052885	0.263277403808113	-0.588530277973505	-0.846220218102189	-0.906507016642561	-0.0641453926866835	0.322000176899098	0.14457372480496	1.45379959195804	0.133085452701138	1.85929672823933	-0.420041435746869	0.343273831485698	0.13553119626528	1.25226652010851	-0.263242488705528	0.126381450149496	-0.524825455142344	0.924961517060598	-0.507604056322452
22	993b2a06-29d5-45bb-acc6-baccc2bdda08	-1.30735393521671	-0.30921524176296	0.675522864271302	0.297635859963616	-0.292239008085856	0.864347262947052	8a0e30eb-4134-48c2-b8cd-4a3193d052ff	-0.897895328622033	-0.731099415804533	0.974250365534734	-0.211710257409061	0.275312320651023	0.493157411863814	-0.163456502080884	0.47239623210994	-0.516663708996914	-0.220971376704528	0.781810317639488	0.164864488310506	-0.681057849691972	-0.335224859765416	1.03994442876559	-0.982497041899577	0.868123413769547	-0.57806547619428	-0.00816372395524102	0.638887570853293	-1.44922728297866
23	fdfddc05-516f-4408-83a3-731309a5bbb9	0.757886339256061	-0.239868219671857	0.646644609516021	0.394271260093602	-0.325211080096085	0.503759802511525	dbce86f7-fc9c-4346-8466-52a5d73c2135	-0.669225723902871	-0.0118107940220578	-1.60493241881404	-0.595161313523391	-0.70708466899977	0.482806824611666	0.928921224346649	-0.781921463128305	-1.91903861329791	0.563584531166615	0.314350849611101	1.38730723686351	0.611784188627569	-1.4387452149464	-1.66670330370837	-0.273394266707404	-0.584930780943555	2.01310739469076	-2.66838756503217	0.691978446626535	-0.892683823492711
24	c3bb6245-5d1b-4dbc-8b16-b0ca47472e91	0.757886339256061	-0.260432852158666	0.703331554035647	0.330909504238557	-0.527511975200476	0.933570314177135	d1800c87-078e-469b-b9bb-1eda4b594e5a	0.245452694973781	2.38104023904036	1.01508420343569	0.832895724462529	0.299848891973248	-0.81715526262926	-1.23329495989137	1.90486078954908	-0.226309760291995	0.392287301557469	-0.569125273037471	-0.835250375891379	1.08187610682047	-1.12256058004243	-2.19182884793171	-0.48361914445407	-1.0893535318364	1.11057615719659	-0.789477939918329	-0.142552883417722	-0.843126924552378
25	ce67e934-e752-4d69-b212-007c655a7590	0.757886339256061	-0.0764731714847296	0.644671756444504	-0.0951310975684342	-0.284583143077005	-0.771640231426605	fca76a63-de9c-47d8-b2d7-a9f5f7fe51f7	-0.897895328622033	0.118553006704828	0.938880707414069	0.92112023647382	-0.801341849666508	-0.310489218505687	0.855776783151174	-0.989351620360194	0.442300568025766	0.384453209252607	0.427733258683432	-2.11737453572729	0.127831171833539	-0.413926502257623	-0.63101251449878	0.992866749339484	-1.6856990053433	0.512202610085215	0.855612554241612	-1.49679526376302	0.237249300001101
26	aaf0f250-d1af-444f-941b-9d165e1bc2b6	-1.30735393521671	-0.219119376307724	-1.97208640343949	-0.64564809381316	-0.0662842352349955	-0.402124450070811	5b813c05-aa0e-445d-b7d4-f2c56a880ebd	-0.897895328622033	-0.47413157053585	-0.488659202440265	0.914980603484572	-0.322325771130795	-0.476503547014641	0.729686074710535	-0.0796367081723763	-1.04211670433911	0.0875796911153755	0.0461342386840128	1.3535414551568	-2.20139820902503	0.248479470009528	0.466457381052084	0.235623485364546	0.356065024106515	-1.03059350612043	-0.119169293064186	0.15340488527915	0.0653343891114734
27	0c0a6edd-427f-4882-acfd-d21456416649	-1.30735393521671	-0.239784487454891	-1.97226166829095	-0.644878111928046	-0.0560814987988977	-0.206817837998497	f979b75c-6252-47b7-a621-d078fe3322b3	-0.211886514464545	-0.92693234230656	0.49426827747336	-0.172983244893658	-1.50844501482793	0.534608654317623	-0.781944140939344	-1.8537666199684	-1.18838266910458	-0.789607255218606	0.501394392103646	0.51602523148027	-0.520885730343418	-0.148398483753518	1.51406338678568	-0.204567694177314	-0.164671980149052	-1.6951362582641	-0.635726514669847	0.437728120617921	-0.624674462317601
28	90e8222f-2a97-4a3c-9517-fbd7626122fd	-1.30735393521671	-0.202121736263659	0.679455088502686	0.456417888286201	-0.5152046384233	0.750075364689742	1cbae723-635f-4b67-a5d2-f9073fbc0228	0.0167830902546178	-2.01838557805351	1.66110170400573	0.656411109166444	0.076924310499929	0.237339235899901	-1.66708767643396	0.230446038863021	-0.706642118616695	-0.24336922593725	0.567251854299175	1.70651935558764	2.01243950743889	0.214978874976572	0.33693569016482	0.107898882378187	-0.349288828763064	0.502239331356976	1.18074352839081	-0.0737788308152955	-0.143686878458055
29	90e8222f-2a97-4a3c-9517-fbd7626122fd	-1.30735393521671	-0.202121736263659	0.679455088502686	0.456417888286201	-0.5152046384233	0.750075364689742	7e5f62f6-bcec-4a3a-a25f-88178fcde345	-0.897895328622033	0.192418070183546	-3.45070703617088	2.69793710428445	-2.78640605124985	2.8910469851154	-1.00313099790916	1.8470009237756	1.45050113298038	0.196994797018511	0.436133589958366	-0.0262450156347572	3.09366502091495	0.0214620893494543	-1.64032320389817	1.64636126884736	3.63415807700734	-1.95667688674893	1.47584599206054	1.91819695203962	-0.660497446363046
30	f0173728-58cb-4d7d-b28d-02355b49b9ed	0.757886339256061	-0.156353706470135	0.707587344146642	0.346752950944057	-0.529067549365621	0.2122085024934	8b2d8719-6f91-430e-8ce5-e11fe3d8bf62	0.245452694973781	1.13693388691348	0.348777428881377	0.862517606470857	-0.661428478705868	0.987362629116866	0.101743535462469	0.54436450803191	-1.09414134597956	0.977681916772757	-2.07827055566373	-0.383077077770279	-0.491877858175939	1.55707881939588	1.07502023328101	-2.16607941715409	0.401718999898652	-0.0656760391559608	0.878202485342295	0.333195923054395	-0.141656394875341
31	5595871f-2997-41d2-b749-6ad518e89bd4	0.757886339256061	-0.157743661271767	0.707474994882888	0.346059165182991	-0.522113217803797	0.21111490559823	a1a72f64-dc40-4aca-a727-9b86203fb0c9	-0.211886514464545	0.783018670553782	-2.65033699806062	2.95251764267915	-2.85455687582955	3.47578667763744	-0.900917368846416	2.48711236151501	3.12016068264192	0.915926829514402	1.14093075039608	1.74627732086819	-1.04346454088946	-0.314749078576235	3.20794116220137	-0.464079559853285	-2.04781929520887	2.02931906603911	-1.76526314322863	-2.70854426997863	0.750935412789788
32	bd4643a6-9742-4a25-8029-a967cc2a84c7	-1.30735393521671	-0.26167208896976	0.719914305365711	0.30075722750136	-0.29981861945916	0.51731469119203	0b840cfa-5821-4380-833f-d4acf3426d3c	0.474122299692943	0.471459876660783	-1.01753547816957	0.662881733565907	-0.384424995048861	-0.391953212674629	1.58555838504794	0.19204914121058	-0.963668445869783	0.448190287288078	0.253756894700337	0.245773961276056	-2.58053366723343	-0.541849923372911	0.124489139207119	-0.889799005446159	-0.5996615922257	-0.0887741907498085	0.322584441980564	1.36402608564656	0.140816118675255
33	97f20ecc-a17b-4d10-b689-908f5b9f3ddc	-1.30735393521671	0.177871810770686	-0.262562030279217	-5.53560520360276	3.37100089428654	0.201204795823567	f76deed6-4e6c-42fb-a619-5c25e85515b4	2.30347913744625	-0.224574157362035	0.41985972765275	0.496285944077133	0.427085854827767	-1.23147613227153	-1.24933326066619	-0.073040660712821	1.97727280096991	-0.973663647308742	0.859095439215972	-0.668497029480239	1.51085950241669	1.87901194098922	-0.30406746691922	0.167863105537296	-2.60480211027075	1.35382566005354	0.378981465234147	1.18009745061988	2.88884724225919
34	1efcbc5a-723d-4d7d-90d7-82a3f231c5fa	0.757886339256061	0.155394734448378	-0.218895466634549	-5.49083663878946	3.37786372148571	0.0211130545845761	c540c6a0-a83d-4be6-8c1f-32396b32edf3	0.931461509131269	-0.371456539208433	0.221606974714918	-1.14810539748777	0.567278107338686	0.967202929998941	0.46630821158542	-1.00238045962567	2.16611116398812	1.11207774418384	1.30298376849009	0.241530362991169	-0.496098381419324	-0.452334440810888	-0.906006234104675	0.198308348322354	0.289271610840616	-1.55324882858021	-0.34225869380511	-0.275613957019949	1.26188146532959
35	8c9ce6f6-06f6-4d70-885a-3c07d3ef8f91	0.757886339256061	-0.273294120684618	0.664714865098185	0.422610871142926	-0.342169888641587	0.643998098092433	400d1b08-0088-4624-a3d7-58f720d3ab17	-0.897895328622033	0.167946870685883	-0.356221213313566	-1.33199382996789	0.855823234538399	-0.990537919850644	1.45226757550746	0.762277545471556	1.14434042581932	0.0569988078716699	0.896464241616326	0.776826198782004	0.654516856719803	0.207788878591543	0.56941533526601	0.88599484612172	1.3922618416887	1.49781094235408	-0.932045186387058	0.128726118392164	-0.514120088412081
36	1c858ef3-c305-4c6e-a3ac-594e9b9b98b2	-1.30735393521671	-0.354212935160399	-2.01173670560349	-0.126424979392241	0.515498977456509	0.700005765349765	1630b5ee-a28d-4014-889a-70ea678cadcf	0.0167830902546178	-0.396449895980852	0.0515569684110536	-0.285219848814816	0.0388791289160045	-1.2835233239304	0.667127511737165	0.361606586267876	0.189517896998415	-0.0417590560865301	-0.325703625391581	1.03744557238909	0.4530583277276	-0.59836300296325	1.33053537395551	-0.568870721140299	0.359235894335919	0.23022186256806	0.126457868784933	0.311531278388833	0.379834657646772
37	59ba8d64-a92b-4ae2-bcb4-847de2fdf1dd	-1.30735393521671	-0.322478424930348	-0.666761875280434	0.193001203582727	0.0521681622226604	0.72104852829384	3914a3f4-f488-4b8f-a935-31d452377b64	-0.897895328622033	0.518590070732334	0.168237555524943	-0.406400155790983	-0.0705571417801912	-0.759275871117628	1.28096739563812	-0.401708054082807	1.10601860184168	0.167963766332521	-0.160785229164575	0.857093902288219	-0.222831195270082	-0.380391730833022	1.41416332400998	-0.245872793769804	0.58846978210993	1.88854407854398	0.271676147551463	1.43901119835607	-0.861394415691478
38	7df93333-f21c-4775-8679-c2518e05bce4	-1.30735393521671	-0.197566703660718	-1.9074001913406	-0.580366730341756	-0.0818552276135545	-0.62002852813593	98f453d8-779e-4abe-98e4-38e8238a66e3	0.0167830902546178	0.190377701565645	0.133498893909185	-0.808412327299451	-0.760079100428721	-1.4650802297855	1.06341380457655	-0.409637675067922	0.0501351206529594	0.604728027724203	-0.144735669797841	2.39491979060791	1.502451514406	1.50161138633664	1.02586664140162	1.93007349092497	0.0765766282237937	-0.472573432393352	-1.25489069977793	0.383808833311821	-0.164471415094698
39	d15cdce3-1f22-4224-8ae3-0ff1b878e111	0.757886339256061	-0.179011644381089	-1.86496362743551	-0.783770278325966	-0.190791171355029	-0.466626263958687	10cc9a25-9370-4312-a854-e0975e1b924a	-0.440556119183708	1.44365284641967	-1.55171022024451	-0.529727543782428	-0.477163787796256	-0.447975617631652	-0.130367318873771	0.0777503822982788	-1.59169689752369	-0.237272448135941	0.223635032267941	-1.00168921374598	-1.23399901427287	0.070857063988693	0.681174804261226	1.11422534603017	-0.236612719312034	0.190249534754002	-1.51293769480891	1.83520411879763	2.31638630669357
40	fc1dff0a-6a95-42fe-9dc4-362e27330bf9	0.757886339256061	-0.275136229457866	0.677769849546379	0.579574886681215	-0.638674525099904	1.0582403602265	6b09c35d-22fc-4da2-bed9-005cef191aca	-0.669225723902871	-1.45980675553172	1.05892969448739	-0.362291131478334	0.331352240158446	1.66532822702207	0.482416059040596	0.710025919715582	-0.2607617081321	-0.5327721610909	1.61316449232775	-0.165260562568343	0.196638353085419	-0.433580609491987	-0.817093426757046	0.0594195659095561	-0.0186562641668562	0.746316677883929	0.52916794947575	-1.34033931765309	-0.883884138799393
41	4f2a904d-793c-4db7-b1da-39d1aaeb1d01	0.757886339256061	-0.252562023763877	0.69753433202595	0.624009257967986	-0.502287272561753	0.733167050903077	6508be64-9bff-49a0-8eac-50b4fbd841ef	3.67549676576122	-0.477438112179162	-0.806431708755296	-1.34199487546147	-0.477252666882354	-1.08630919330236	-0.818168351323263	0.83101111884229	1.09522715313029	-0.121691403628432	-1.34954905634325	-0.526769700969697	-0.110049894213866	0.242723252098437	1.28779432574996	-0.955702757539746	0.365704496882337	-1.02976364747703	-0.576883872236517	0.985699383072579	-0.156176223440217
42	f772212a-cd98-40f9-bdcd-e75740c1f6be	0.757886339256061	-0.333346866692514	-0.0421543458528692	0.21779702647678	-0.488271854348339	0.95112499269587	ad02c667-7bb1-4453-ad14-f3294780b4c6	4.59017518463787	-1.92420551611846	0.628047378046809	0.911111636958783	0.833471016892603	0.034631600675216	-1.92451586644174	0.133139230015927	0.622746447010441	-1.53470360629398	-1.72806073751678	-0.856026323460562	0.30226391327154	0.359723220635219	1.21621142062878	0.0407205838865811	0.937375061237413	0.0192527069248268	-2.42480288944632	1.45001235308837	-1.95077904091549
43	e932e556-59a6-4f70-9b4c-ef5f69dac3ce	0.757886339256061	-0.322562157147314	-0.695483290463515	0.257933669012439	-0.524553334141279	0.462956396565398	6110d537-d53f-4113-8367-da844c2a5e0e	0.931461509131269	-0.156750913037923	1.27595719991059	0.164217489307134	-1.0388224559563	0.498249094427752	0.361508086128443	1.14204859290357	-1.73859987704406	0.350595520675257	-0.555225187282711	-0.0471514918833507	-0.463457699111644	0.419233191053881	-0.243340335675664	2.50143431332432	-0.250975368759823	-0.454961158585885	0.935291451571953	0.17943461060816	1.22876832960705
44	bd04a8cc-5d63-45bc-a2cc-91b0c7cb6e01	0.757886339256061	-0.272908952486575	-0.714331901744965	0.128342776844765	-0.372274823955275	0.413366674071959	5b27fdd7-eef9-4472-b0f5-1a48cb28be30	2.30347913744625	-0.927789539564559	0.665081496792235	-1.17032382423244	0.83987427035178	1.06121922419608	-0.166265022640526	-0.325708384277811	1.51800119210813	-0.783983945199087	1.00787570856301	-0.513319424752478	-0.335905203265702	-0.630461821809429	0.505865718596604	0.630643505094116	0.0817897162834137	-0.411355662065868	-0.924023271488208	0.400722556286005	0.456143467512511
45	f549b5fa-a6c0-49fb-8a07-dda4f72ff076	-1.30735393521671	-0.351533504217493	0.696747887179674	0.392627027943098	-0.479655193531605	1.01926260820164	0c8051f1-4d42-4caf-8cf9-f21a423af28a	0.245452694973781	-0.242034965299567	-0.690185038580088	-0.0757617446691237	-1.15649749869512	-0.0728205500162	-0.166865518881487	-1.69656784747423	-1.16024352903319	0.41029448934831	-0.354618987041499	-0.157566428422653	1.32856135904237	-2.39075344713755	0.0223082543365003	0.181457047445155	-0.55050060177882	0.526567381441676	-0.982556586929627	2.01542607533899	-0.313437543039242
46	b86c786d-f8d8-4e6b-9504-95f8f4c807e0	0.757886339256061	-0.245746221302858	0.68515793713083	0.47548028703919	-0.38874560923328	1.08706561570218	de16e0fb-3893-4d61-9f9e-c233bab71e6a	-0.897895328622033	-0.85680258667127	0.191079669793622	-1.02070726688092	0.462800988500226	1.42167559908123	-0.198533591788491	-0.702182609958245	0.588622460287977	1.14063122074202	0.890710708928073	1.25234118481647	-1.17022690756653	0.0164780863258917	-1.09408440179348	-0.545190226049318	0.113076197954919	-2.55321268101529	-0.424820131087349	0.287951728766213	1.89581669385254
47	26a78ad0-744c-4399-853f-4fd0fd2b7c14	0.757886339256061	-0.275856326523772	0.657686295157746	0.376104499991699	-0.300123634001345	0.947126018974726	2707259c-f2b0-4ebc-acb1-60aadd0e34d5	-0.669225723902871	-0.183001939311715	0.223835963984673	-1.86162736992888	-1.55210627963012	1.89967919354132	0.989303688310994	-0.122476081507397	0.137480796235668	-1.00577640581982	-0.690169557079276	-0.940713028601887	0.380751982315136	-0.583815599321877	-0.767104828102094	-2.5552622468884	-0.488198171280194	-1.31869771270493	-0.289698538289946	-1.23378777125489	-0.422654405000195
48	64c58f58-a121-413d-8257-294b229dd4c0	0.757886339256061	-0.301394652698352	0.690950665169977	0.293276639603623	-0.300764164539934	1.17733632657885	a4d7aa4f-06fb-4c95-bd2f-24145397d6de	-0.669225723902871	-0.72484903593607	1.40303169861844	-0.598110594084057	0.27369894900811	1.41522796643937	1.2291965006128	1.46575433904929	-0.00388050798798802	-0.111443459794994	0.72628817174031	-0.263174183753481	-0.476362246740793	-0.0978831141684383	-0.611935659206003	0.0305481034108323	0.331152850504772	0.294346519873736	-0.0962811944189665	-0.28928164222304	-0.692731784040109
49	1a8bce86-bd08-4d39-9e63-9448e6326f29	0.757886339256061	-0.270949618609574	-0.689149038973074	0.22374433447482	0.147149690659159	0.920006448208684	3ab1aa33-fcdd-4b2c-a99c-ee5b46730c7a	0.474122299692943	-0.111971264558349	-0.309054511047933	-1.05688940280728	-0.80445418060721	-1.57239905668255	-1.84295710004792	-1.03010307294783	0.455104428720371	0.36404890355301	1.37466236546254	0.534126969193953	1.12623709844098	-0.527335131298812	1.78285410352824	-1.03163775612758	-0.999397191850866	-0.348663853729884	0.328477361579471	-0.577132984019223	-0.0866515476790323
50	ecc872f3-1dab-4076-a08b-f186d17805b7	-1.30735393521671	-0.29112908289834	-0.661137671136918	0.182201405579543	0.165587819734259	0.652413081365639	922e8ec1-bb75-4db7-b4b0-e2c08767150e	0.0167830902546178	0.210454482060957	-1.09225385978244	-0.0368814936069845	0.260082563297783	-0.499729903368363	2.09003677687846	-0.67846238326912	-0.305741426003517	0.163067882932136	-0.685773743479951	0.99361570980343	2.167426164441	0.217381388320844	1.07694728316362	-1.46304513675199	-0.953365237463502	-0.467330710914707	1.49648323186613	-1.08137880037923	-1.28767644645353
51	c9ef3edb-1bb1-4233-a6be-4efd897ac110	-1.30735393521671	-0.21481554035568	0.679621365413042	0.392546821496732	-0.34895646220521	0.875030235602107	1098d14d-b2e2-4785-9193-b3ae36989fec	-0.440556119183708	-0.615102230897036	-0.0932015395117063	0.221196008354348	-0.970814464719387	-0.319916279902629	-0.679275443291987	-1.03034829647196	-0.173084424102605	-0.311282555080624	-1.83113471272383	-2.3137645502399	0.434781934500922	0.952381853095077	-0.0680022645051996	-1.06054320417773	0.291585162203825	-1.93423646096784	-0.935605418972087	-0.543696112838578	0.761797061431444
52	42e4583a-b1bc-4cc3-85d7-68662433b345	0.757886339256061	0.0723859638371292	0.607686378816748	-0.342412918811279	-0.58464119895178	-2.85941545447336	f4690f40-4dd3-44bf-987d-f978ed512c7e	0.931461509131269	-1.10537639148222	0.297579612465825	-0.281034328698804	0.0773015339080057	0.481353523400602	-0.25843204933969	0.547251987620068	-0.113073563177263	-0.822720944773551	1.75550712461215	-0.909984044043496	-0.751911176746171	-1.4190074746661	0.562905604972074	0.742455579994031	-0.00611935994098022	0.787122133037472	0.152133791996443	0.187637163765026	0.316784904999593
53	555ff1f2-5c5f-4490-a1f9-79fe8c416a36	0.757886339256061	0.0733237646671468	0.607299897349435	-0.342974363935841	-0.583344887147493	-2.86094159342408	50c5ede3-67dd-4175-93ef-fc0db5f14df0	-0.211886514464545	-0.28841717871747	-0.744144394913833	-0.124851698675838	1.22969509859538	1.16425908330994	0.609592824461186	-1.07407563159524	0.204664938242306	-0.789898866345613	0.896220333576851	-1.25675769129984	0.162491190702303	-0.569089419623702	0.693893580424423	1.16088973743126	-1.66709463342827	-0.471956333785167	-1.16595756995706	0.442832435188541	0.83659579390516
54	21681dd8-da3c-47c9-904c-3b8a91b2c3eb	0.757886339256061	-0.32571048850523	-0.0882961884765617	0.344258530462074	-0.500045415676691	0.632152974706988	0675d182-c500-4a50-87a9-d32354204372	0.931461509131269	0.659652060191391	-1.22544508154741	-2.69522652824589	-1.59255635221436	-1.73263596203494	-0.244934047637343	1.03991906911417	0.51118198593009	0.638530969574076	0.617773520642145	-0.532869330221604	2.04298314866503	-0.255546103293191	-0.597876500676697	-0.630593999752985	0.946467879431108	-0.842744618224834	-0.879189127440161	-0.548574555683607	0.672760151649391
55	1593705e-30b4-4a9b-82a3-d5022a6dd6c1	0.757886339256061	-0.252076376905476	-0.661476965913454	0.170412394737845	-0.25380717577051	0.391366605786067	ecb0047a-4e68-4b04-9341-5a7e52652b9b	0.245452694973781	1.96924446561621	0.919931745158265	-0.459954434112669	1.68672744964336	0.884760918156242	-1.16463987970222	0.381339620547715	0.462492158632538	-0.499548226833816	-0.241560444335329	0.0589849460850521	0.673804165223714	-1.6035963581379	0.902748678296261	0.0888119917638069	1.35136879945249	-1.00628602367726	-0.451549526058671	1.20557105223929	0.559605476480833
56	b48d5663-b599-4d02-a70b-6bd12546041f	0.757886339256061	-0.277731928183807	0.0427763047803562	0.400112962937259	-0.456275828873103	0.557322382979358	274c9fe8-a5f5-4d82-a24c-baf5de0f570d	0.0167830902546178	0.833708194396114	0.247786731992837	-0.0562300246477824	2.00841742119124	0.530342327716288	-0.223143893046045	-0.563720347200693	0.337203356474767	0.71902848421315	0.226987263084704	0.425568997499635	0.343375974963586	-0.0018520588409264	0.558906243174849	0.456949401107931	0.757674165574997	-1.0192841991523	-0.141613398764678	0.364824712984964	0.282192826312565
57	fabb1fba-dea1-44a5-a9c2-e40b46011c7a	0.757886339256061	-0.213727021535124	-0.664082570038433	0.100174272881021	-0.250879036165531	0.166094622669012	7faa0290-1b18-4e75-a416-6bb58e1221b3	-0.669225723902871	2.08501387309521	0.659134649461863	0.853714650226195	-0.362321707710988	-0.551377779917829	0.0524768359046908	-0.0707036944975136	-0.638984671191355	-1.93805856291104	0.970192875227637	-0.560436219379041	-0.0981659243048797	-0.847378063288309	1.20564909480863	-0.0369500163435042	0.641983737168257	-0.391134533532966	-0.433777735121254	0.0454761551905817	1.44677989375405
58	8dbd3466-e4dd-40a3-9c49-2e947a9bc113	0.757886339256061	-0.184353759823509	0.0997373815035414	0.269278870850912	-0.313803536218355	0.489372474403353	3796b0b5-d93d-4c26-946e-798ca292757b	-0.440556119183708	0.920354151073044	0.817168097004916	0.257018118814187	-0.10578511137558	0.386353205886851	0.367804088740313	0.994832669277503	-0.491009721414038	0.64065180399186	0.0187401845626156	-1.15364383991088	-1.3974187191687	-1.27610150567173	-0.29116672769833	-0.642681492535166	0.117858049319737	0.0335988944001409	-0.637380555070482	0.873212165237525	0.131125931697954
59	b9e30469-13ad-4792-878a-889cd6480f91	0.757886339256061	0.132817179465711	0.552671191341779	-0.405166442448048	-0.260273484064838	-2.74860307654338	b2288cb3-32ba-4166-804c-5937aafba9d3	0.245452694973781	2.01434256169846	0.445503813234061	-0.666965726247811	-1.30261333656938	-0.567185685974712	-0.190062734255016	-0.00748203260379181	0.348444140302081	-0.574008057762339	1.20970535353112	-0.194010653801693	-0.347607178164334	0.467821992789591	1.21528342207887	-1.2838202210463	0.680269265281772	-0.259047672608497	0.393765460413781	0.0814355371089527	-0.407273882482887
60	0bf3da28-3985-4c34-8197-5816fd73b588	0.757886339256061	-0.227894512645743	0.704944889463152	0.4654678489845	-0.586044265845832	0.196697381157878	7d9de657-7c63-4556-8265-b58c451e5204	0.931461509131269	1.20246949581845	0.250710209494635	-0.289239765380762	0.254512093277063	1.00863741320623	-1.02185357658892	-1.69993643788821	0.516624997175253	1.69144928497876	0.298110438415756	-0.835546401002682	-0.019925728513001	2.2011905735125	0.893389556412271	1.71343695253846	-0.185164316437639	-0.249293692739138	-0.11981806950009	1.71487357008876	0.00343903184985051
61	55396f13-62ff-44de-833b-05fde4ad97c6	0.757886339256061	-0.227073936919478	0.70517857593176	0.467793835929114	-0.582628102973357	0.193488408775932	2ed8b7af-c357-46c8-9c47-66e28de05ef4	1.61747032328876	1.03139025963174	1.10044038656405	0.691541368017381	-0.815532017606393	-0.159233051463605	-0.427213318830084	-1.98319917156057	-0.906707937571591	-0.290318281791757	0.984404956281911	-0.0452484048296899	0.777423432434135	1.80035423664193	0.385037653072921	1.63300268843568	-1.18895363906865	-0.636470028061621	0.205888597728478	-0.478538599738975	0.568446154837079
62	c3c65323-ace2-4f32-8595-7434edac5d28	0.757886339256061	0.0675294952531109	0.0832939432605327	1.44077823679522	4.02630938744452	-1.34655472873954	9149cc55-ccd9-45b1-b23d-356e8670044d	-0.897895328622033	-1.13674959527067	0.205063532829199	0.365438271220742	1.48466799846216	-0.31577645374844	-1.27676565672018	0.443437603636116	0.860181658785677	0.426838881518216	0.768155486593196	-0.391084785410925	-0.0654047167980024	0.376669200826783	-0.290715296170883	-1.46397727486855	1.44804129955426	-1.2194486876837	0.326598211551369	-0.222995149854419	0.339322367563069
63	b758cdf2-7e17-4e77-a699-3552fd8c8087	0.757886339256061	-0.207614569696618	0.68605223727031	0.465133655457974	-0.281517746928043	-0.215814712753984	f490b492-e40c-4084-90ff-d8c84a97cb42	-0.669225723902871	1.3069512618668	-0.874044759872317	0.929878522971063	1.45881119832084	1.1615390082207	0.571668253679604	-1.07496016351479	-1.48407371956077	0.256270908939233	-0.973678136325506	0.379298019341366	-0.834951832375732	1.3774475987428	0.488475195166515	-0.0889272148245268	-0.107897715192808	1.1895986798445	0.861804092935643	-0.42421496999884	-0.766922069080813
64	6f354cf7-0cb9-4351-b619-d111936d0b25	0.757886339256061	-0.175746087919422	0.673226445320174	0.378042822445545	-0.282539545644364	0.497738490651403	060028f9-04c3-479f-bde1-3f7aa02657d2	-0.897895328622033	0.0418280382482634	0.0026751978453435	0.445083284178718	1.28002712487212	1.20489342961219	-0.425611300879264	-0.233901316812775	-1.55038188523361	0.302457924871738	-1.18263815044403	-0.0353178732341673	0.335663897802278	-0.297182490486855	1.16483586622956	-0.388411398955493	0.391420246204257	0.860127991942136	1.00368899982811	-0.70565355054613	0.30169468219092
65	214ad59b-7245-4ca7-bf42-84cc2e09bbbe	-1.30735393521671	-0.278552503910072	-2.01471620807824	-0.16114233970177	-0.137688139560571	-0.372092157425022	882c61d4-2bfc-47f9-906e-538de70256de	0.702791904412106	-0.839998509814791	-0.686443505638166	-0.624611344285577	0.683887957371047	0.0197304812739626	1.3888475629506	1.49197792210582	0.238751299378371	0.00162589009229317	-1.26669109078266	0.763338708297252	1.10647997502672	0.305752631970914	-0.384725897555136	-0.46534080049483	-1.37832099925559	-0.352684421013021	-0.376227778141196	0.495716682866307	1.9683213379237
66	74809453-1b01-40bb-9071-47a93de70c78	0.757886339256061	-0.32566024917505	-2.02576688166107	-0.153050846037545	-0.0948030949293197	-0.230546442272426	e2b13ac2-56a2-4eb0-a196-9fc7c30444f1	-0.669225723902871	-1.20717459416949	-0.693332973922777	-1.22341626291659	0.904504441948636	-0.479390561460712	-1.19920270587142	1.16950142387464	-0.357653861719445	-0.952076814927761	0.646374713563746	2.3711123354983	-1.53326927017231	-0.797472143932746	0.470371949621993	-0.358814275618456	0.893153453657233	0.460836415782613	-0.998928632525492	0.53452063947964	1.03071958383502
67	e6c010c7-dffa-40ba-86ca-355507b47e86	-1.30735393521671	-0.266294107346274	-2.00421379890254	-0.269899607425872	-0.264223422386137	-0.579330401293891	81d029df-f95e-4ad9-9a0f-bed24e1a0065	0.245452694973781	-0.525697968461347	-0.461366089723469	0.775572169788743	0.0750354061030858	-1.38491574299159	1.04363259420248	-0.665702888029495	1.46113136738977	-0.283021131624065	-0.447347778099094	0.0683068567463045	-1.26459362203519	-0.454445941462446	0.157019693946953	-0.524176356069484	-1.45775830206606	-0.567989123124167	0.722964695477887	-0.377138662896536	0.543186044241604
68	9d988cb0-01b1-4d5d-bf4b-3fd3baf149a4	0.757886339256061	-0.216155255827133	0.690582159584864	0.375837145170479	-0.327635945706458	0.276246761876457	24dcb00d-ab59-4dad-b57c-8aeee6ab06e5	-0.669225723902871	-0.52105654395509	-1.50676302870853	0.530366576583026	0.214365774847286	-0.421974347241449	0.58948536443511	-0.594723149040491	-1.5614911726276	-0.334141894911884	1.15639515950602	-0.380151923424562	-0.909586552194871	1.12521688948571	-0.939329656018209	1.72537345677172	1.70530123023878	0.116141780190868	-1.84532118193556	-1.90114758704942	-1.2024488915373
69	032f42b3-42da-4a6a-9b01-cdf540e1866c	-1.30735393521671	6.65928129011478	-0.521189675922859	-0.703374010036886	2.00612944627938	0.197861980239525	2ceadf05-651a-4eb5-ba19-6b403e70d25c	-0.211886514464545	-0.208408469649987	-1.02550257219801	0.283944645786522	-0.0547165156493254	-0.851616676419898	1.6957303974607	0.0216775054484778	0.91052629932351	0.244657535507122	1.1108951604658	-1.50285355695814	-0.820588426880958	-0.777838605029824	-0.468809685791509	-0.903877723869005	0.356745489247552	-0.132492069723244	0.557357300773494	-0.0860349072715766	-0.947116373785762
70	11877e41-6c2d-44aa-8483-87955153e548	0.757886339256061	-0.101375132810368	0.673882565020497	0.256340234277968	-0.354156960149469	-0.915702035555177	5b9cb857-49d8-4823-90ad-fb1e0d926f36	0.931461509131269	-0.416852832350123	-0.145738784745287	-0.0824527383602172	0.0189912226873101	0.694683494886272	0.867932709097769	0.197302813952224	-0.31669265426525	-0.15531960538264	0.706400617324343	-1.87378303131355	0.247037706471802	-0.724100672088295	0.0272455154494823	-0.89713950646983	-0.971217405144447	-0.220058445459368	-0.433435427976831	0.589469912222009	-1.30648198662559
71	336ef507-cbf3-4f5b-b12a-3e1c99008866	-1.30735393521671	-0.205705475149797	0.686267947856718	0.354034359499985	-0.383102840202852	0.559951912230282	37310642-fec9-48ad-a969-1d191ee6a572	-0.440556119183708	-0.643928830888948	0.214339526833036	0.944956647118283	0.499870701541709	-0.394959495895996	1.29589096692621	-0.331784327834809	2.22363732713744	0.157765535322051	-0.396941543173595	-1.30612659832901	0.584181163930001	-0.395008567070954	-0.224365632884099	-0.499522241444972	-1.28367313513635	1.10643698740016	-0.0264952489446996	0.244944340809923	0.170273899635597
72	03235361-4310-4737-ac0b-4ce92d99fbf3	-1.30735393521671	-0.237121802955378	0.666943874491061	0.351120191948686	-0.210159594783795	0.800951287710635	95d2ce3c-b4e9-4d31-9723-fbe8f8951d26	0.0167830902546178	-0.036663038874506	0.0521953341320198	-0.0848274611949533	0.405057983690982	-0.37180228673316	0.858628543844088	0.434866323907306	0.115442425613278	-0.289093396832858	0.961533140535363	-0.660496728947708	-0.966788099137212	-0.125063389598674	0.344931410983301	0.893362807246893	1.42157580453217	0.43296779039511	0.734715029655823	0.28409124497223	0.0461310201430688
73	d4073658-c7fe-4f53-9e80-b95121a65475	-1.30735393521671	-0.222334693439212	0.61246346951156	0.12238343787977	-0.0508199979462015	1.66758602127849	93b0e7dd-b869-44bd-9ea5-b933cacf5ffe	-0.669225723902871	-0.877054896489463	-0.624453230780165	-0.763410892656796	-1.10337581884107	-0.565344862533768	-0.309391117260835	-2.61028258466774	0.949727917080065	-1.33164396367024	-1.15709216966629	0.923977752091305	0.367951633729464	-1.62206929805295	-0.954448911992794	1.17224332014219	1.87178038242888	2.10778748834347	-0.770111051831573	-1.21864112106518	1.42469537945493
74	000a5dcf-764a-4f69-ab1c-5950cec4bbbe	-1.30735393521671	-0.226085896759281	0.676942958965151	0.222022569426163	-0.447720170964805	0.501511399939739	ab7db91b-b7e4-4276-93d6-6d1a8948dd73	0.474122299692943	-0.279938813066436	-0.960893254873915	1.24358966372831	0.168109782327932	-1.86324258706377	0.365841452569669	-0.893307125127855	0.00749082112110484	0.092917869377785	-0.704315312080336	-1.3701577847318	1.54975393607198	1.40164062082897	-0.0592568428705389	0.0222209991687187	1.27058726498872	0.605914965077581	0.166504546310306	-0.935344603020771	-0.80988677189674
75	1a3241a7-f60c-4b9a-a469-74833c36ebd3	-1.30735393521671	0.107518327431654	0.518939448392333	-0.538750278870643	-0.0511707646697146	-2.25569284014355	550dc13b-825b-4726-95d0-5d639c9daec2	1.16013111385043	-0.401864754909108	0.687095459848464	0.0513396636340123	-0.607696787991696	-0.948814398726594	0.371937751469513	-0.156212417225667	0.945830190069844	0.127156315253799	0.549603409774954	-0.889237587606589	-0.236500034296669	-0.0851915608624082	0.0541728695657507	1.22275595000318	0.625295346488562	-0.260781886687116	0.790193484537461	0.0686401559747558	0.219980935704289
76	36e99817-83e7-4dba-8e15-61f1184ab62d	-1.30735393521671	-0.228715088372008	0.658288487211467	0.208566601274158	-0.238342938481715	0.686635319130684	84625329-4871-4e09-83cf-0dd071761812	0.0167830902546178	-0.834837921592342	1.50835832576641	0.150299295572309	-0.560962431177662	0.0527087165188759	0.951044399517451	0.564856298013297	0.342583711548218	0.604557023026958	-2.15687854157132	1.02763539860688	0.388060784309513	0.882170513302595	-0.242575380757559	1.3520553288971	-0.431808692944194	-1.26843956649247	0.209766357294485	-0.00959916603875266	0.800939263734358
77	725e0255-424c-44da-86c9-bc0bc14a21a8	0.757886339256061	4.5104614061206	-0.0839959080571206	-0.336065915355515	1.0020749509503	0.126125288384723	835f75b7-173d-425c-ac57-b11fa22d78d4	0.702791904412106	-0.262479169606145	-0.152777993567989	-1.16467998681033	-0.620216934887058	0.432100176425472	-0.80704901656338	0.200758554355209	-1.07721072333702	0.688797701899328	-0.139923039565776	-0.0994716296402834	-0.232494139373227	1.3274066991089	-0.440647759385202	1.03330556464781	1.18678586466499	1.63908297800711	-0.500960400302304	-0.725167812029717	0.507581289470673
78	9ab06fba-a1bb-4736-930e-15ede9f493c7	0.757886339256061	-0.0936717688495116	0.684425419931155	0.0539125313912105	-0.324174030652655	-1.42554670148842	4a1257c2-6055-43f5-bf91-5398561f6fca	-0.669225723902871	1.3854104323132	0.555129940522022	0.189113067833654	1.63988866500981	1.43758161172457	0.208664285746619	-0.155539149661328	0.0666361106043876	0.259422385404595	0.0845342618392739	-0.735099951273972	0.528344823026581	-1.13392595494909	1.01047048686259	0.85610142254821	0.511960865400054	0.577982930454105	-0.427128839281079	1.08410943425284	0.0467997184590048
79	8dcd5c7f-fa13-4302-af2b-915c878e23e8	0.757886339256061	0.151409080920804	-0.104725695410865	1.66007602890097	5.54822519785933	-0.994498140203427	f3264d5d-c2fd-42ed-9518-7858039f5a28	-0.897895328622033	-1.9843821326008	1.05353133581499	0.462348508960252	-0.890520646618318	0.617986078799165	-1.32143899541297	-0.484516925651676	-0.00524955315027211	-0.836874396809012	-0.646598054038084	1.03041843069313	0.248657960150068	-0.748032507251432	0.481979282808106	-0.659291871280639	-1.21199796686502	-1.36240235562678	-0.338085618035129	0.647349346334582	-0.796714660449902
80	76db32e7-8830-4346-b3ee-ad0395cba242	-1.30735393521671	0.208132633982139	0.510266085230538	-0.297393040466035	-0.112127920925444	-2.12288610674728	a32e0fe9-2c86-45f9-9b03-90eb6d22e830	0.0167830902546178	-0.593765412183235	0.0556235573122725	0.430907376331917	-0.175196189921105	-0.808279234791331	1.62094268913883	0.70759893810456	0.848922827687019	0.045380622070718	0.355019773801563	-0.480469373713823	-0.551096032727506	-0.288499461025467	-0.385442353443904	0.291883809935381	0.165382697217721	-0.315207603069744	1.14709596503245	0.937027520551218	-0.428220202830042
81	749a66fb-0d16-44fa-b263-cc4e260c5fd6	-1.30735393521671	-0.199559530424505	-1.3997208322604	-0.429152180233804	-0.361492559889025	-0.438888076441496	bc155e29-2c22-4a36-9828-7f0b047a05d7	2.53214874216541	0.804711114936278	0.218762913531692	-0.438002244278174	-1.52922579607182	-0.232859598346134	0.143061402208664	-0.423491902828978	0.914494046707996	1.19382910353833	-2.55495939705234	-0.0836133189090465	-0.516912113632411	1.58857011961147	-0.194967727726235	-1.56946774733911	-1.00531644382567	0.318099333202895	-0.448597460036082	0.723762146954842	-0.61544437299172
82	032adc29-28f9-45dd-8b8a-563c3170680b	-1.30735393521671	-0.18869108866234	0.665973176852228	0.318006960566477	-0.421397415974215	0.477549386179229	a303796a-837d-4a5c-97ba-8a5bfbcc02d9	-0.669225723902871	-0.552598994569707	0.859166415958413	-0.217496619560098	-0.0880461822740806	-0.589328401518722	1.18017096181281	0.401476482712332	1.21697601960489	0.458799983511419	0.257431903431968	-0.0301779402992298	0.347372632610589	1.03579284358107	-0.244974686580407	0.462450582243658	0.913875665762881	-0.319291347225311	0.376510353585805	-0.523150108143766	-0.593043210033251
83	c72fc475-80f0-4fe3-b306-acebd17f3bdb	0.757886339256061	-0.210779647497926	0.664180082602717	0.222252494572412	-0.418835293819859	0.847494445122232	8d8e3a3d-737d-4bcf-b98f-87c460d03407	0.702791904412106	-0.461291300359154	0.700646621624484	-1.95944182245165	-0.54862052802413	0.255484050278852	-1.21335909200668	1.83522620659352	-0.169018483427738	1.7222225653688	-0.0681902029811659	0.619497191335409	-0.507250480657215	2.17817476264764	-0.842346072659541	-0.836783927153284	-1.1744011265157	0.876649426433972	-0.0110827462266449	-0.421816391820585	0.341723350833506
84	66d88423-3567-4c3e-82dc-eff030aea3ca	-1.30735393521671	-0.375832593580978	-2.07725430225417	-0.165615185860781	-0.35142707999691	-0.312421756685956	fa545fa1-0d47-4abf-a9d7-7a834ced8946	1.61747032328876	-0.637430565058179	-0.159138187902198	1.33940989114619	0.00359445622620947	-0.866327798256472	-1.3340709722985	1.02353924497284	-0.33617972617529	1.63351554320656	-0.794066087665085	-2.32986801163038	-1.32843538360144	2.11511392099789	0.0535432371683095	-0.160062159663731	-0.738777715109649	1.84269848130258	-0.764477642383036	1.35200516696292	0.410473413568772
85	2756c53f-5446-4d96-b44b-1efbfda4dbf2	-1.30735393521671	-0.305731981537182	0.703969697853769	0.328098268293428	-0.399253360211563	0.548369578546512	5f5beb14-db23-456f-ac04-a1a4928eea0e	-0.211886514464545	-0.207768597927217	0.502071536600006	-0.0174578976006679	-1.30625128846875	-0.61769366893001	-0.317104315110137	-1.34162729719919	-0.0316806540118088	-0.0880156089940473	0.636266294202683	-0.555300400715086	-0.540868241877637	0.733039564375098	-0.0304765912941519	0.453536015270179	-0.0376586232049121	-0.702377322967521	-0.174010945020324	-1.60637099835397	0.093356238742415
86	9e7013ce-054f-46ae-bc49-4abe5d53d88a	0.757886339256061	-0.250217521688834	0.691170869726934	0.427436625665948	-0.501616240568945	0.866983321134663	7476ffde-9bbf-40f1-b24c-2420d877efd5	0.474122299692943	0.0135863012103829	1.26838783422705	0.531966764236776	-1.22427068199672	0.314331995195713	-0.420086624110852	-0.40088075566647	-0.533437964037667	1.41451512730224	0.285952224422553	0.13490921987033	-0.836352644326829	-1.32351183781156	-0.42068189513552	1.06585668354832	-0.939904784537248	-0.268860384964044	-0.107116986021037	0.320399432118584	-2.16612417196911
87	7efe2fbe-251e-4c1a-9616-438a26f42a5d	-1.30735393521671	-0.245160095784098	0.693593119853466	0.231682099116843	-0.53406978785746	0.310249464145382	0fbece6e-5e15-4d2c-9a8e-bcbe76238ae6	0.0167830902546178	0.639081359574297	1.88108839515682	0.735412771500789	-0.903892223526442	-0.429780193155881	0.628866416875488	-0.751522571504821	-0.00637969664871342	0.190062928457433	-0.423599676849459	1.57701241560553	-1.0662184503137	0.468054270879346	0.746557940476492	0.282461002833414	0.455674300888418	0.0770074836274527	-0.132197655320936	0.141182969977444	-1.33540471668303
88	cd6dc660-550f-4a19-b9f7-f1bc9c893ca8	-1.30735393521671	-0.114671808864543	0.592779878501892	-0.0425865177799527	-0.310463626981426	-0.177820381817689	00147a2c-c54b-4a97-b94f-32e6d176a345	-0.211886514464545	0.143289326427949	-0.668691413025072	-1.00843185041908	-0.86927804196266	-0.707038441330729	1.44099912470107	-0.0127942622334779	0.613083884651194	0.595255720838493	1.01045497453664	-0.759607044318922	-0.0463011289103431	0.133443160606342	-0.0440352587484913	-0.140949268072061	-0.0966162241007414	-0.318184721061312	0.628951420155398	0.197261556578701	-1.55278967164763
89	10f10a94-511f-4538-9c0c-cbe5fdb14b6c	0.757886339256061	-0.29620325524647	-2.01968204553616	-0.177060645757211	0.209662421080033	0.299873351514643	96dbf8f2-55d0-4b44-b73d-e6cb664007da	-0.897895328622033	-0.323932030421938	0.589363110413417	1.38840696444395	-0.0610218766360641	-0.435942875347676	1.15640813165189	1.16782170270187	-2.14461279735757	0.484550499786413	-0.180202013343586	1.25048799335926	0.480514998955466	-1.18694670125257	0.309426941794106	-0.452920074269796	-0.78043754627497	-0.138378386190025	0.543361439444784	-0.347931486007454	-0.645625049234456
90	28114ea7-018a-47bb-af34-32bcfbf1a233	0.757886339256061	0.228193198522813	0.344528451340908	-2.32464706526789	1.28788882770502	-2.07065461324663	9ee34cc8-f301-4f86-a290-818834e6a225	-0.669225723902871	-0.780702618711064	-1.00375741645994	-0.0899299888216361	-1.27282596229154	-1.44537295435629	-0.930916866692522	-0.498127715774881	-0.594103927645894	0.210248133189157	0.424472132397759	0.0847590925578088	0.321923952649155	-0.646703598458589	0.420927255079187	0.640394225856905	-1.04934861832694	-1.30228831732336	1.28830516569038	0.450396911323812	-0.374327027665943
91	50d9dcf3-cbdd-436f-bbf8-fcbb920d23e0	0.757886339256061	-0.33771768841813	-2.07952825135254	-0.119104804387236	-0.308511533911441	-0.349706065757476	a888f87e-98ad-4f0e-86f7-fa51a15161d4	-0.440556119183708	1.41600305008529	0.763402124894896	-1.06639261891185	-0.99439617035883	-0.0521952120520058	-1.12749033986744	0.0872524556541094	0.0139530035484256	0.16291354714875	1.59608796411371	-1.96960207666826	-0.246767060412891	0.698541880626357	0.100525722574892	-1.32324435269685	0.0857822522935147	0.706530846088674	0.512464811301688	-0.216045642833243	-0.746672410378033
92	ed175850-c13a-4b33-947d-bd6e911000db	0.757886339256061	-0.366320613733659	-2.08718148319945	-0.119767844343861	-0.618208049319271	-0.298584491493713	f056f7a0-c1d4-4866-b178-3023b495cdfd	-0.897895328622033	-0.612177308326563	-1.41090356580296	0.921346417207342	1.27963348314077	-0.966727388116423	-1.02446139691311	0.586393638742678	-1.39350131211981	0.0223929472857159	0.117344230742819	-0.41745946157617	-0.660390258365342	0.569679712080784	-0.139232322139926	-1.88093844081423	1.21578103037103	0.106916397899356	-0.44038373153569	-1.05811101782838	0.447469415999949
93	7cf9e7b2-28a3-4b42-812b-929516fbce4a	0.757886339256061	-0.296688902104872	-2.04974670851668	0.284225342131219	0.0691269707681624	0.350175544224115	75c2a9ba-864b-4bc9-bae6-0faf04bc82ca	-0.440556119183708	-0.824756712664518	0.67461136377797	0.521398924635689	-0.303914318747673	0.129902751368921	0.0773108430915025	0.792928802062003	-0.923915011500638	0.838272738319047	-0.0743802220065225	0.0563469065422507	0.0569370454228512	-0.470669128432415	-0.675706171699383	-0.408364052938288	0.722331952857258	-1.09098909273761	0.847967506006772	-0.840696004101476	0.31806314621914
94	eb1309e6-5567-437b-82d7-549c1c8d5493	0.757886339256061	-0.149437425348757	0.684677082281963	0.321411724214715	-0.532270202058567	-0.122688408193579	0bfbce6d-ffff-49dd-b797-53d55a0f0bf1	1.38880071856959	0.277900026772207	0.756275840706779	1.0651916656143	-0.227990530476377	-1.1348578690376	-1.94107753630497	-0.1382833456727	-1.53917847128378	-0.128426544130561	0.116028302393881	0.24384713431069	0.621958181664969	-2.88551096262671	1.1765497404901	0.320171930818431	-0.947000152515678	-0.15881368627995	1.00744117321203	-0.521216223458461	1.36946278968681
95	bfd08f92-7030-4c34-849d-0187c8e88c74	0.757886339256061	0.170129929990026	-0.0350498278101327	-4.35682442910252	3.03234782331635	-0.261407093760452	bb0c2ebe-25b3-4f03-b4c5-554a200245c1	2.30347913744625	0.0795487847500038	0.568291089355977	0.541369345762655	0.127042600929367	0.477380101666326	0.386117049286934	0.182959722159232	-1.02110443685708	-0.499443800184707	0.991697862474282	-1.08275652392376	-2.22382748720697	-0.204017598605175	0.0560955993255154	1.08108429705007	0.237099062583009	0.452809285454854	0.18184913624404	0.106518026731832	1.84942899135401
96	f7e918d9-f19c-4a3d-b3f7-b53b072f88bb	0.757886339256061	-0.342758367879473	0.671222134454806	0.267173451633804	-0.30375330705335	1.26124948535599	39a5dbbc-863e-45fc-9207-24cb93b62b1b	-0.897895328622033	1.90777990322425	-1.4015494919225	0.351639185845084	0.382518232282392	1.07013260793448	-0.946502775080858	-2.1769429491142	-0.146494937785727	0.62636506425478	-0.279971778120615	-0.215073542181319	-0.111288550278149	0.793967617970669	0.701306252555763	0.615418186702327	-0.155418824423598	-1.17308175509215	2.58980720565726	0.0507015559505023	0.715952539380789
97	27d69b74-d193-448c-91ac-2b7fb07a49ac	0.757886339256061	-0.323349239986793	-2.06161977871019	-0.213866047220469	-0.334605527995392	-0.181880564320279	80c56dc1-f92b-40a3-8ee2-7421d2c890d2	0.0167830902546178	2.43331142403447	1.06353411271439	0.767916386568099	-0.296932881416891	-0.441390761536955	0.261277235753313	1.30682647545492	-0.249269918729353	-1.61925354676375	-0.706447410999075	-0.0195595170356963	-0.464930076796629	-0.0684546023576861	-0.568760671773111	-1.2537473475999	1.03180216696484	-0.233669531796678	-0.58060161117824	-0.100361074765859	-0.130321387622386
98	10571d4e-c0e9-474b-80b6-75c59ebd1942	0.757886339256061	-0.337885152852062	-2.07176267024188	-0.0780564819112161	-0.222222919927223	-0.306642015483275	70ef1070-accd-4103-849f-a97a58ed13d1	0.0167830902546178	-0.19691494864333	-2.56543996861814	-2.39442017372429	0.154869053596716	0.111900561511992	-1.80013267790773	1.5554150161235	0.679648412947586	-4.84504180897305	-3.06277762233826	-1.0344683634439	-2.21661495691997	-0.302831091432441	0.0981038914119642	2.92474716878455	-1.97448403159188	0.123710710423559	2.86295766472838	-1.01447457970821	-2.0795243383309
99	65ee0ab5-4a77-454f-9112-a2f245d63396	0.757886339256061	-0.136844099917096	0.677369886167415	0.316154191655423	-0.293367561891941	0.585666945491407	96a6d6d5-4475-4279-bb7d-06e24e662f96	0.474122299692943	-0.227091370889117	-1.49338062090679	0.867243937980167	2.05989502996257	-0.95110355838955	-0.451130743827197	-1.5158436991004	1.38917137044659	0.822445445038701	1.12645571224679	0.439117089444192	-1.70366818989908	0.553847945959769	-0.174583284255488	-0.162602950015005	-0.390472276268876	-0.620363211628383	-0.360156276560329	-1.0679734477726	-0.206418425724508
100	21f44f41-69ee-427c-933b-a0afdc16a0bf	-1.30735393521671	-0.242648129275123	0.712746422338217	0.331825194501235	-0.290058154109231	0.829988733628654	56e31045-7f52-4d3c-8da3-3224149cf70a	-0.440556119183708	-0.0306648847762093	-1.06256616512405	0.913477454358974	2.62046686955379	-0.521709389295581	-0.484485790918363	-0.288761741908616	1.29300350431532	0.920378397910692	-0.547052407171768	0.694955613887259	0.279150810607188	-0.76600982494014	-0.858956514929737	-0.816424131305544	0.0918096826564737	-1.29776910134838	1.09990774785633	-0.361020135163581	0.719056930088234
101	17911abe-0893-4919-b45e-5df3d3fe63c8	-1.30735393521671	-0.243770140982465	0.686681393147331	0.456899126964397	-0.532636219509189	0.290675711956013	b4ba4113-c8c6-4154-be76-e04d75a23a0d	0.702791904412106	-0.822204434171572	-0.667101170550092	0.371681587693613	-0.376200539139809	0.457763009004545	-0.357445844821271	-0.177326882368534	-1.01598025182307	-2.60569836899657	3.03185108222804	1.9215926817959	0.236463410870059	1.87648420911988	-2.60019701242985	-2.00372237080705	-0.694706444417078	1.86316539497254	3.49287476600611	4.34716920820038	0.23143754019369
102	4d7c824b-1b6b-40d7-a48f-f0635aebc459	0.757886339256061	-0.238143336002361	0.69577269557029	0.369888500398333	-0.435123070372553	0.18826852389421	be37150e-7c80-469b-9781-625803330ef7	-0.897895328622033	-0.516731226736269	0.217596594200564	1.25341914799948	0.736571398957638	-0.868675318798479	2.25639240180799	0.836962509707846	1.66396455908383	0.301931278659518	-0.819166765650255	-0.393905173799382	0.495837148948781	-1.01736700990149	-0.630396671623501	0.937748101243617	-0.217435607451477	0.914983906879032	1.02913919650501	0.740320969039098	0.915714543512705
103	72739241-3ddb-41ab-8438-150e20619de1	-1.30735393521671	-0.318409039185809	-2.0707784906914	-0.203115709859211	-0.249735231632336	-0.315323869043586	0284a141-636c-4712-a027-8dc4768c85d9	-0.669225723902871	-0.474837294866631	-0.270082004015732	0.385396745319754	-0.936955980080119	0.792796314890203	0.279771937520554	-3.02572081045954	0.333878937394394	-0.197699231479284	-1.97293859172465	-0.0603739811799047	0.332817606478623	-1.69910119934489	-1.66140443604372	-1.31285570899068	1.55617835596355	3.22066705985386	0.233259550686178	-0.601759074207927	2.25275018899439
104	0c24b869-9532-40cb-ad97-f579d1b1fa8e	0.757886339256061	-0.247320386981816	0.681877338629218	0.541597134326908	-0.309182565904248	0.345140101803818	8ebeca08-95f1-41b0-b8f3-be0d52b0add7	-0.897895328622033	2.46606010265833	-0.656253426885498	-0.0486382075013275	0.7860936001352	-0.243423189670794	-0.717793178450888	0.0301317554923753	0.0115227332528668	0.941874301964281	-0.80079663623389	0.875598582895736	-0.537254791064156	-0.72687355535197	-2.01561597448634	-0.0571967300649445	-0.758797517704384	-1.08189908301767	0.5654640033049	0.852432006539682	0.195217765166155
105	efe5abc5-9197-495b-853c-2844a14e4149	0.757886339256061	-0.171743687948455	0.667671897720186	0.406181917378955	-0.463702932975314	0.248218852793756	8108c4b6-f7f5-4e65-96f8-a94ca2aa566d	-0.897895328622033	1.86734180648034	0.264749918628598	-0.937191799502301	1.36062615733826	0.00941506058480626	-2.53450400764174	-0.166147381426667	1.66817298204583	2.01251633382348	-0.974586480192931	1.42870730877435	-0.758277088914218	-2.15146357603363	-2.89946487850834	1.28917259545918	-1.19411706126819	0.038104260467618	-0.501443820185156	0.61972659386068	-2.97967339406147
106	bb3eeb0c-a38c-4d4a-81a6-21b51515b126	0.757886339256061	-0.195222201585674	0.696311972036309	0.398722717866915	-0.506831989240314	0.957392771915948	841a1739-38f9-49dc-8d8c-2f4d61570960	-0.440556119183708	1.01336671380773	-1.97998281442561	-1.44667972572435	1.58757061807486	0.529212809999121	0.439468327050118	-1.52188129918497	-0.149759012773672	0.178545370297918	0.938888806477192	1.01451201400231	-0.588126137448441	1.64017957892592	-0.515624228844023	-0.865346584637033	0.0428619490323659	0.714370381005949	0.464237637703175	-0.806919818735105	-0.908796523964328
107	e126c62a-cd3d-4ce3-b632-da7fb7bd9e4a	-1.30735393521671	-0.24052133096419	0.65309345725549	0.401596782195031	-0.284415385078803	0.722399202071084	36b5022c-8096-43e3-ab40-428a54b23ca0	-0.897895328622033	-1.34672200204616	0.705134989458474	0.665555152815466	-0.21079047628355	-0.790853006342717	-0.233625671130413	0.126171407073172	0.618869765164279	-0.41175591447262	-0.6723675830265	0.35387685388315	-0.637896351313959	-0.315008754967181	0.444516740217347	-0.456198163445288	-0.117036909618169	-0.422299677940327	0.232853068239524	0.248258953010705	0.678996146860204
108	af5ba1a2-837e-42e6-9afa-16207886c776	-1.30735393521671	0.144968398791792	0.560513169951795	-0.392688992941708	-0.118182459587822	-2.55088239013083	d0b4b4c1-2f2a-41f8-8836-89442d8674a2	0.474122299692943	2.66028368753253	2.03208057554188	2.81803332083514	0.13825470493589	-1.00928488011417	0.269833266791485	-0.119906243710076	1.33342214133424	-4.43513948416898	0.654531377648002	2.55206628586898	0.165749411349922	1.38971605345995	-2.13136814621947	-0.197494970452458	0.145530361613524	-0.855101612518079	-2.05683614123197	-1.8304843717036	-0.291739902830476
109	416e2905-329b-44ed-bb02-8a3b1ed6847e	0.757886339256061	0.2280776480634	0.505345187478121	-0.470413049792694	-0.190501407539954	-2.45329110899321	6fee5aa5-2a1b-4521-b479-5c355a9cae7a	-0.669225723902871	-1.41369614364919	1.03720589498435	0.505109528564267	0.283729127500469	0.0321505843571519	-1.7850325329057	0.0460045582153269	0.209806117754506	0.655779385642356	-0.490583129169645	-0.0465582556712395	0.140367129805613	0.588033779635907	-0.20666470507581	-0.196572515487446	1.47090275325797	0.894854561945005	0.470900243297562	-0.232965404918972	-0.410790804355233
